NaN NaN
NaN NaN
NaN NaN
NaN NaN
NaN NaN
NaN NaN
NaN NaN
NaN NaN
NaN NaN
NaN NaN
44.0402 0.51351
61.8755 0.701097
80.7685 0.889647
96.2132 1.03712
111.433 1.16638
121.477 1.2724
133.781 1.35357
144.037 1.42377
157.571 1.5401
250.384 1.98746
244.276 2.4985
336.913 2.2692
387.389 1.90423
440.567 1.58638
654.575 1.20326e-06
710.723 1.65654e-06
764.077 1.46814e-06
815.015 1.80492e-06
1230.38 2.54079e-06
1534.19 2.10328e-06
1766.26 3.99048e-06
1947.02 2.36308e-06
2089.19 1.83306e-06
2201.57 4.21064e-06
2290.38 4.08843e-06
2360.37 3.88368e-06
2415.18 1.3038e-06
2535.36 2.85354e-06
2393.63 2.81725e-06
2211.4 2.53745e-06
2034.94 2.8995e-06
1876.49 0
1738.55 0.00326369
1619.74 0.0837461
1516.8 0.0203563
1427.13 0.0997239
615.458 0.277153
425.935 0.940971
335.588 1.22123
279.795 1.57093
237.152 1.00296
210.904 1.52185
188.751 1.56552
172.623 1.76825
173.206 4.061
103.332 4.87644
87.9877 7.92144
66.2427 6.91985
76.0893 12.2363
64.6245 11.9926
57.708 12.1187
57.7587 13.8517
67.2598 17.9918
49.1989 14.1381
80.7481 34.6367
108.048 51.9574
96.8888 56.5656
266.425 111.801
436.156 158.731
576.22 198.022
95.6452 79.9967
285.339 155.877
415.49 199.992
