NaN NaN
NaN NaN
NaN NaN
NaN NaN
NaN NaN
NaN NaN
NaN NaN
NaN NaN
NaN NaN
NaN NaN
158.242 0.431407
187.545 0.596088
199.488 0.777299
222.623 0.972373
247.476 1.18385
271.882 1.39989
298.612 1.68034
333.339 2.0293
362.613 2.40674
718.213 5.17564
936.297 5.28339
1132.6 5.55544
1311.7 4.85128
1470.33 5.05688
1615.28 6.46058
1751.99 5.84529
1885.18 4.20308
1996.8 4.92857
2799.03 3.04779
3146.56 3.64566
3277.88 3.19442
3309.7 3.29145
3291.13 3.33524
3245.77 3.35799
3177.27 3.35591
3108.21 3.32547
3028.91 3.32169
2388.74 3.19322
1964.97 3.09349
1660.58 3.05816
1443.93 3.03765
1272.59 3.00743
1146.02 2.99161
1051.18 2.9756
964.621 2.96959
896.413 2.94885
547.829 3.01898
399.484 2.95547
318.928 2.88242
270.416 2.90384
235.771 2.98203
206.677 2.89866
189.704 2.60234
167.094 2.41129
154.189 2.37366
86.4271 1.96143
68.3898 2.2694
58.6047 3.88906
46.5083 2.50036
39.3753 3.09955
35.8923 2.08025
30.9232 1.69865
29.2808 3.49858
27.3243 2.46574
17.4995 0.647511
17.2839 1.27966
14.7359 1.24517
22.3215 9.34898
12.4756 0.470057
12.6217 0.71644
14.0622 1.34923
12.9992 1.03599
12.0944 0.536691
