NaN NaN
NaN NaN
NaN NaN
NaN NaN
NaN NaN
NaN NaN
NaN NaN
NaN NaN
NaN NaN
NaN NaN
44.0402 0.51351
61.8755 0.701097
80.7685 0.889647
96.2132 1.03712
111.433 1.16638
121.477 1.2724
133.781 1.35357
144.037 1.42377
157.571 1.5401
250.384 1.98746
244.276 2.4985
336.913 2.2692
387.389 1.90423
440.567 1.58638
654.575 1.20326e-06
710.723 1.67327e-06
764.077 1.6146e-06
815.015 1.80492e-06
1230.38 2.27576e-06
1534.19 2.13353e-06
1766.26 4.06205e-06
1947.02 2.3966e-06
2089.19 1.70335e-06
2201.57 4.29842e-06
2290.38 4.53795e-06
2360.37 4.30321e-06
2415.18 1.62613e-06
2535.36 3.12223e-06
2393.63 3.24477e-06
2211.4 2.61475e-06
2034.94 2.93085e-06
1876.49 5.53087e-07
1738.55 0.00326369
1619.74 0.0837461
1516.8 0.0203563
1427.13 0.0997239
914.728 0.175087
688.924 0.282072
558.823 0.253923
474.113 0.276697
412.87 0.230012
367.118 0.233048
331.726 0.256364
302.975 0.23823
279.872 0.259519
129.21 0.254821
85.9512 0.486086
72.85 0.7049
68.231 0.93227
67.0973 1.15956
63.506 1.29019
66.8098 1.54988
66.3291 1.7074
65.5541 1.83786
102.26 3.96679
146.17 6.1105
185.645 8.10918
237.211 10.3754
285.207 12.5567
341.432 14.9071
341.737 15.9654
378.694 17.8738
454.612 20.7021
