NaN NaN
NaN NaN
NaN NaN
NaN NaN
NaN NaN
NaN NaN
NaN NaN
NaN NaN
NaN NaN
NaN NaN
44.0402 0.51351
61.8755 0.701097
80.7685 0.889647
96.2132 1.03712
111.433 1.16638
121.477 1.2724
133.781 1.35357
144.037 1.42377
157.571 1.5401
250.364 1.98755
233.557 2.42739
297.772 2.42941
382.271 2.08645
448.351 1.73617
654.575 1.20842e-06
710.723 1.6628e-06
581.069 2.9379
685.673 3.00088
1632.35 4.3695
2388.94 5.45463
2910.84 4.55424
3152.99 3.62948
3258.43 2.6748
3278.05 2.08441
3247.78 1.95603
3191.8 1.55048
3124.81 1.47216
2449.51 0.997821
1998.02 0.971008
1682.39 0.955642
1450.54 0.942196
1271.58 0.951358
1149.44 0.93158
1047.42 0.937747
966.2 0.94993
899.995 0.92875
543.279 0.938972
398.984 0.936013
322.057 0.937916
266.893 0.913994
232.427 0.892244
206.767 0.856957
185.685 0.808296
168.681 0.780467
255.672 99.9892
89.3806 0.698912
67.9843 0.904569
54.9481 0.916983
46.2029 0.880507
39.6692 0.832765
37.1522 0.913405
33.2883 0.821208
31.7306 1.01448
28.785 1.00791
20.0405 1.12451
19.0465 1.05111
17.7987 2.0923
15.3999 0.850351
17.1542 1.77651
15.2679 1.66087
14.7761 0.974557
13.9026 0.619993
17.2427 2.00895
