NaN NaN
NaN NaN
NaN NaN
NaN NaN
NaN NaN
NaN NaN
NaN NaN
NaN NaN
NaN NaN
NaN NaN
44.0402 0.51351
61.8755 0.701097
80.7685 0.889647
96.2132 1.03712
111.433 1.16638
121.477 1.2724
133.781 1.35357
144.037 1.42377
157.571 1.5401
250.384 1.98746
244.276 2.4985
336.913 2.2692
387.389 1.90423
440.567 1.58638
654.575 1.20584e-06
710.723 1.67327e-06
764.077 1.6019e-06
815.015 1.8028e-06
1230.38 2.41654e-06
1534.19 1.6835e-06
1766.26 3.93962e-06
1947.02 2.42966e-06
2089.19 1.97758e-06
2201.57 4.2162e-06
2290.38 4.63227e-06
2360.37 4.23654e-06
2415.18 1.14985e-06
2535.36 2.89345e-06
2515.02 1.93737
1952.59 0.62709
1613.26 0.417813
1382.93 0.373874
1220.25 0.294584
1099.63 0.296536
1005.35 0.318912
928.119 0.293693
548.634 0.296928
405.311 4.1968
321.094 0.298298
278.667 7.0393
232.661 0.296291
205.889 0.296665
193.062 7.98507
168.777 0.243377
225.961 26.4188
91.2043 0.250269
187.101 59.9879
54.2084 0.261332
96.021 49.9969
40.3424 0.269381
36.7345 0.287544
113.715 79.9972
31.117 0.278105
28.8087 0.280869
20.7682 0.366976
17.8993 0.362607
17.4725 0.501409
16.0644 0.453753
15.7265 0.447026
2116.6 1212.41
15.3074 0.427551
915.439 899.995
15.4345 0.442134
