NaN NaN
NaN NaN
NaN NaN
NaN NaN
NaN NaN
NaN NaN
NaN NaN
NaN NaN
NaN NaN
NaN NaN
44.0921 0.510877
62.63 0.698287
83.0053 0.906119
102.439 1.10996
125.003 1.37151
145.507 1.67708
169.891 2.02788
197.954 2.43074
236.485 2.84058
612.575 6.55011
870.992 6.61818
1076.18 5.83752
1264.02 5.7414
1420.13 6.75219
1576.47 6.92364
1710.51 5.83752
1856.17 5.16968
1966.41 4.25798
2782.06 3.18317
3130.54 3.57493
3272.6 3.15766
3301.88 3.261
3282.95 3.34074
3233.82 3.35919
3168.84 3.39502
3097.25 3.32928
3025.21 3.36664
2389.51 3.15564
1962.97 3.07071
1660.6 3.02207
1437.7 2.97953
1271.86 3.00589
1153.3 2.94327
1045.93 2.95597
964.886 2.98545
902.849 2.90893
543.599 2.92153
401.598 3.00031
317.559 2.90519
261.622 2.91835
225.077 2.81851
205.571 2.97085
189.568 3.09982
169.777 2.44751
156.626 2.50305
85.4576 1.66885
73.0076 3.25083
58.8128 3.55677
44.2363 2.3042
39.2199 3.07098
35.2164 1.72942
30.4923 0.958755
30.7236 3.04033
26.4752 1.13139
24.3759 4.6679
15.9492 1.33266
14.7209 0.875303
12.7282 0.419199
13.0485 0.592903
12.5961 0.624026
24.0603 8.21334
14.8646 1.68233
14.4806 2.06935
