NaN NaN
NaN NaN
NaN NaN
NaN NaN
NaN NaN
NaN NaN
NaN NaN
NaN NaN
NaN NaN
NaN NaN
158.242 0.431407
187.497 0.596469
198.941 0.777647
218.578 0.954761
237.967 1.11803
253.477 1.22718
267.555 1.30511
284.383 1.40148
298.699 1.4762
394.516 1.76653
393.412 2.0718
386.008 2.063
411.951 1.92904
459.985 1.54854
654.632 9.07993e-07
710.792 1.74025e-06
764.152 1.83843e-06
815.071 1.51062e-06
1230.44 3.14549e-06
1534.22 1.64785e-06
1766.27 3.82112e-06
1947.04 2.34619e-06
2089.21 2.81963e-06
2201.51 4.32727e-06
2290.32 5.06584e-06
2360.36 3.51762e-06
2415.17 3.44949e-06
2535.42 3.30094e-06
2393.56 4.45422e-06
2211.55 1.52441e-06
2024.93 0.790888
1874.91 0.611392
1738.96 0.328085
1620.11 0.221044
1507.72 0.315393
1426.6 0.286327
615.863 0.300838
426.333 0.940852
335.571 1.22117
281.163 1.57044
238.103 1.0029
211.335 1.5217
190.233 1.56524
172.891 1.7682
173.063 4.06106
103.26 4.87645
87.9539 7.92145
66.1633 6.91987
76.1183 12.2363
64.586 11.9926
57.7995 12.1187
57.8152 13.8517
67.2464 17.9918
49.2039 14.1381
80.7613 34.6368
108.021 51.9574
96.7906 56.5656
266.179 111.801
436.054 158.731
576.178 198.022
95.8409 79.9967
285.793 155.877
415.546 199.992
