NaN NaN
NaN NaN
NaN NaN
NaN NaN
NaN NaN
NaN NaN
NaN NaN
NaN NaN
NaN NaN
NaN NaN
44.0402 0.51351
61.8755 0.701097
80.7685 0.889647
96.2132 1.03712
111.433 1.16638
121.477 1.2724
133.781 1.35357
144.037 1.42377
157.571 1.5401
250.384 1.98746
244.276 2.4985
336.913 2.2692
387.389 1.90423
440.567 1.58638
654.575 1.18968e-06
710.723 1.64266e-06
764.077 1.46465e-06
815.015 1.8023e-06
1230.38 2.24352e-06
1534.19 2.12349e-06
1766.26 4.0029e-06
1947.02 2.36308e-06
2089.19 1.80274e-06
2201.57 4.34277e-06
2290.38 4.63227e-06
2360.37 4.30321e-06
2415.18 1.53655e-06
2535.36 2.87357e-06
2393.63 3.59975e-06
2211.4 2.58924e-06
2034.94 2.87841e-06
1876.49 0
1738.55 0.00326369
1619.74 0.0837461
1516.8 0.0203563
1427.13 0.0997239
914.728 0.175087
499.775 0.327977
361.241 0.504212
293.339 0.724709
247.653 0.683471
216.871 0.876865
195.433 1.10963
177.94 1.29736
167.896 1.71284
102.619 2.71186
85.9235 4.33113
66.197 3.98374
69.4401 6.21893
70.6643 7.73049
60.0363 7.3667
65.7448 9.22593
61.3164 9.47738
76.0045 12.4597
80.78 19.9931
148.121 36.0469
176.886 46.1806
383.338 78.1461
216.239 63.2527
506.439 106.94
255.593 79.9877
315.464 94.8508
515.784 129.092
