NaN NaN
NaN NaN
NaN NaN
NaN NaN
NaN NaN
NaN NaN
NaN NaN
NaN NaN
NaN NaN
NaN NaN
158.242 0.431407
187.497 0.596469
198.941 0.777647
218.578 0.954761
237.967 1.11803
253.477 1.22718
267.555 1.30511
284.383 1.40148
298.699 1.4762
394.516 1.76653
393.412 2.0718
386.008 2.063
411.951 1.92904
459.985 1.54854
654.632 9.28607e-07
710.792 1.74508e-06
764.152 1.84916e-06
815.071 1.58738e-06
1230.44 3.11216e-06
1534.22 1.63995e-06
1766.27 3.79172e-06
1947.04 2.37995e-06
2089.21 2.93451e-06
2201.51 4.35027e-06
2290.32 4.55599e-06
2360.36 3.87158e-06
2415.17 3.36636e-06
2535.42 3.195e-06
2511.99 1.91605
1954.48 0.631529
1614.59 0.425949
1384.13 0.373781
1222.5 0.299394
1101.24 0.297948
1006.69 0.85374
929.435 0.298889
548.346 0.29544
405.77 4.19631
321.121 0.294999
279.973 7.03905
232.404 0.2985
205.852 0.294082
193.793 7.985
169.487 0.246228
226.088 26.4188
91.1006 0.248775
187.034 59.9879
54.1947 0.264959
96.0543 49.9968
40.3879 0.278357
36.9684 0.294306
113.645 79.9972
31.3145 0.303268
28.9829 0.284807
20.6005 0.337916
17.8745 0.344977
16.6028 0.405366
16.1557 0.406528
15.8179 0.427738
2116.19 1212.41
15.7838 0.611996
917.491 899.996
14.9966 0.512829
