NaN NaN
NaN NaN
NaN NaN
NaN NaN
NaN NaN
NaN NaN
NaN NaN
NaN NaN
NaN NaN
NaN NaN
44.0402 0.51351
61.8755 0.701097
80.7685 0.889647
96.2132 1.03712
111.433 1.16638
121.477 1.2724
133.781 1.35357
144.037 1.42377
157.571 1.5401
250.384 1.98746
244.276 2.4985
336.913 2.2692
387.389 1.90423
440.567 1.58638
654.575 1.18968e-06
710.723 1.67327e-06
764.077 1.47952e-06
815.015 1.80492e-06
1230.38 2.38204e-06
1534.19 2.0931e-06
1766.26 3.92754e-06
1947.02 2.42966e-06
2089.19 1.72477e-06
2201.57 4.34277e-06
2290.38 4.64031e-06
2360.37 4.23654e-06
2415.18 1.14985e-06
2535.36 2.89345e-06
2393.63 3.47381e-06
2211.4 2.53745e-06
2034.94 2.90999e-06
1876.49 0
1738.55 0.00326369
1619.74 0.0837461
1516.8 0.0203563
1427.13 0.0997239
914.728 0.175087
688.924 0.282072
558.823 0.253923
413.044 0.264321
293.748 0.296015
243.166 0.405284
211.29 0.508499
188.315 0.548831
172.681 0.710205
104.21 1.45303
83.1805 2.15635
69.7528 2.46375
63.6231 2.9316
62.8871 3.62627
66.7588 4.56461
68.1121 5.22354
64.6398 5.45545
74.3953 6.68835
86.8069 11.4769
129.195 18.2417
177.134 25.2881
307.087 38.0796
292.472 40.673
437.076 54.2209
376.296 53.6366
340.041 53.9956
406.33 62.4458
