NaN NaN
NaN NaN
NaN NaN
NaN NaN
NaN NaN
NaN NaN
NaN NaN
NaN NaN
NaN NaN
NaN NaN
158.242 0.431407
187.497 0.596469
198.941 0.777647
218.578 0.954761
237.967 1.11803
253.477 1.22718
267.555 1.30511
284.383 1.40148
298.699 1.4762
394.516 1.76653
388.512 2.11805
371.987 2.13762
416.398 1.96824
471.581 1.54396
654.632 9.18045e-07
710.792 1.73303e-06
613.175 2.54464
717.065 2.72015
1648.5 4.17058
2409.26 5.27646
2929.16 4.5986
3166.31 3.72681
3272.48 2.70923
3289.73 2.08918
3254.86 1.93976
3200.22 1.54912
3129.73 1.45298
2451.36 1.00978
2000.12 0.978211
1684.31 0.967062
1454.67 0.960589
1283.57 0.951032
1148.01 0.946721
1049.12 0.942188
966.466 0.94577
898.343 0.945176
542.525 0.934265
399.879 0.916438
322.198 0.930278
270.483 0.910497
232.05 0.906615
207.303 0.855449
187.186 0.814436
169.329 0.788018
255.523 99.9892
89.8529 0.713104
67.9061 0.860553
54.0376 0.882681
46.7627 0.952833
39.8542 0.852684
37.7144 1.04972
33.0988 0.965342
31.6506 0.840301
27.5009 0.652929
19.0263 0.450509
17.5546 0.982372
15.4485 0.517671
16.2136 1.1149
15.038 1.01878
14.604 1.06353
14.1016 0.59005
13.8836 0.744784
14.3777 0.683087
