NaN NaN
NaN NaN
NaN NaN
NaN NaN
NaN NaN
NaN NaN
NaN NaN
NaN NaN
NaN NaN
NaN NaN
45.9441 0.433578
56.3048 0.479802
64.836 0.503769
71.5956 0.511517
79.6196 0.525806
86.9256 0.528473
93.7932 0.514529
103.423 0.532652
108.041 0.512641
146.829 0.0092412
193.884 2.66197e-07
204.873 0.439241
341.709 0.561159
458.766 0.652405
549.448 0.764991
602.02 0.844565
634.253 0.963826
661.287 0.586668
667.825 0.687307
602.144 0.460395
543.736 0.498634
496.25 0.426309
458.187 0.431044
427.442 0.790737
400.199 0.422825
378.774 0.960715
357.919 0.42444
242.597 0.415586
187.989 0.404875
155.175 0.406819
131.958 0.391771
116.441 0.392193
103.793 0.384868
94.6753 0.390965
85.6466 0.377553
79.5348 0.392866
46.5407 0.391306
34.134 0.397606
27.8429 0.452336
22.7651 0.400254
19.5149 0.361502
17.4954 0.316367
15.6715 0.397301
15.2751 0.457452
113.658 99.9993
8.29143 0.280293
6.7304 0.403652
5.32935 0.205377
4.9741 0.314457
5.80872 1.39954
5.09302 0.849598
4.03145 0.40475
3.57316 0.134863
3.36397 0.0906988
3.8373 0.597523
3.34153 0.202766
3.0404 0.116605
3.62411 0.361008
3.59003 0.302413
3.2596 0.280653
3.41119 0.39607
3.75203 0.407154
4.07013 0.677888
