NaN NaN
NaN NaN
NaN NaN
NaN NaN
NaN NaN
NaN NaN
NaN NaN
NaN NaN
NaN NaN
NaN NaN
45.932 0.439389
56.5513 0.500097
65.1809 0.531405
72.7673 0.548024
80.6642 0.562156
88.1323 0.542092
95.3804 0.537763
104.395 0.538406
109.422 0.511945
147.01 0.00924575
194.152 4.32189e-07
198.681 0.433237
229.878 0.470803
258.315 0.493628
282.431 0.513982
304.132 0.527867
324.501 0.539437
337.254 0.528684
444.906 0.496159
487.813 0.415476
501.753 0.34734
503.282 0.299975
564.964 0.13544
510.808 0.157997
462.136 0.146337
425.064 0.159228
395.635 0.151577
251.139 0.139284
191.589 0.150495
157.1 0.408831
133.904 0.136003
118.388 0.84129
104.427 0.12439
96.1317 1.12475
87.1696 0.899792
79.5911 0.123238
46.3409 0.123159
39.8433 4.23951
27.1696 0.124873
33.1253 7.06872
19.9633 0.129499
17.7524 0.131765
16.2158 0.13381
14.6957 0.134077
63.4358 22.3585
8.10842 0.116595
96.8506 51.9613
5.446 0.108026
55.576 50.0005
4.62501 0.138249
4.61054 0.189969
84.205 79.9993
4.1746 0.162639
4.07844 0.262737
4.4438 0.4984
3.98641 0.301694
3.98254 0.296091
3.58059 0.156778
4.23854 0.533378
704.164 700.008
3.44161 0.111755
903.662 899.966
3.68513 0.15785
