NaN NaN
NaN NaN
NaN NaN
NaN NaN
NaN NaN
NaN NaN
NaN NaN
NaN NaN
NaN NaN
NaN NaN
45.9441 0.433578
56.3048 0.479802
64.836 0.503769
71.5956 0.511517
79.6196 0.525806
86.9256 0.528473
93.7932 0.514529
103.423 0.532652
108.041 0.512641
146.829 0.0092412
193.884 2.78811e-07
198.425 0.429287
231.059 0.474379
258.719 0.494711
282.653 0.5123
304.088 0.527983
324.125 0.537328
337.062 0.528581
445.107 0.49314
487.348 0.416899
502.317 0.345166
501.718 0.289928
494.728 0.242051
484.736 0.214548
473.172 0.179528
461.197 0.165491
448.571 0.137876
349.065 0.0656842
281.083 0.0724652
185.302 0.10519
148.373 0.0915004
126.274 0.166938
110.9 0.185931
99.5659 0.237963
89.8996 0.209818
82.5279 0.228905
47.3532 0.341045
37.3116 0.984684
29.5699 0.973789
25.496 1.11368
20.5007 0.599392
19.1079 0.988319
17.6401 1.12986
16.4207 1.27136
25.5172 3.46078
12.3586 2.8274
27.6324 7.93673
17.7296 6.92781
25.2001 9.99904
28.7517 11.9993
25.6159 12.1239
28.375 13.8564
31.3466 15.5862
24.1562 14.1414
63.8339 34.6381
63.9358 42.425
83.8945 56.5646
154.004 86.6008
184.103 103.923
354.57 156.549
4.23227 0.28841
93.8885 90.0034
303.945 173.193
