NaN NaN
NaN NaN
NaN NaN
NaN NaN
NaN NaN
NaN NaN
NaN NaN
NaN NaN
NaN NaN
NaN NaN
45.9441 0.433578
56.3048 0.479802
64.836 0.503769
71.5956 0.511517
79.6196 0.525806
86.9256 0.528473
93.7932 0.514529
103.423 0.532652
108.041 0.512641
146.829 0.0092412
193.884 2.54805e-07
198.425 0.429287
231.059 0.474379
258.719 0.494711
282.653 0.5123
304.088 0.527983
324.125 0.537328
337.062 0.528581
445.107 0.49314
487.348 0.416899
502.317 0.345166
503.654 0.300247
565.087 0.13544
511.132 0.157999
462.105 0.145918
425.41 0.176801
395.616 0.170192
250.8 0.136681
191.61 0.134966
157.239 0.407725
133.064 0.134391
117.766 0.841069
104.249 0.122964
95.2078 1.1296
87.3273 0.899947
79.6102 0.123601
46.2625 0.123415
40.1331 4.23954
27.1828 0.127197
33.0963 7.06873
19.9447 0.128762
17.8793 0.135484
16.1999 0.134431
14.697 0.137323
63.5641 22.3585
8.1496 0.120286
96.6346 51.9612
5.51878 0.135587
55.2253 50.0003
4.72937 0.207766
4.69444 0.182427
84.3861 79.9993
4.35853 0.16116
3.83056 0.168516
3.58308 0.116262
3.90703 0.296478
3.63123 0.220142
3.97648 0.387197
4.6462 0.850187
704.572 700.008
3.49219 0.144852
903.504 899.966
3.74108 0.210211
