NaN NaN
NaN NaN
NaN NaN
NaN NaN
NaN NaN
NaN NaN
NaN NaN
NaN NaN
NaN NaN
NaN NaN
45.932 0.439389
56.5513 0.500097
65.1809 0.531405
72.7673 0.548024
80.6642 0.562156
88.1323 0.542092
95.3804 0.537763
104.395 0.538406
109.422 0.511945
147.01 0.00924575
194.152 4.38974e-07
204.822 0.441301
342.053 0.524912
458.864 0.62923
548.918 0.731243
600.417 0.907925
635.51 0.868751
661.608 0.606648
667.285 0.61318
602.005 0.580443
543.682 0.433244
495.899 0.424741
457.988 0.428801
427.495 0.791056
400.747 0.425298
378.591 0.961336
358.117 0.424871
242.151 0.41537
188.139 0.406966
155.32 0.397056
131.99 0.393772
116.673 0.395441
103.516 0.385966
94.6912 0.392474
86.0618 0.38133
79.9181 0.393178
46.2725 0.39134
34.0835 0.406213
27.431 0.448249
22.9517 0.415337
20.0054 0.416595
18.1647 0.451071
15.8558 0.408967
14.8725 0.426857
113.236 99.9993
9.14746 0.682616
6.65472 0.495547
5.4626 0.447774
5.49373 0.736824
4.76168 0.46228
4.09188 0.295031
3.94354 0.193933
4.07368 0.313328
3.71559 0.268657
4.94282 1.03979
3.37814 0.21281
4.30817 1.0917
3.19917 0.22163
3.65203 0.332467
5.19437 1.81005
3.44895 0.267518
3.47568 0.29872
3.19777 0.193703
