NaN NaN
NaN NaN
NaN NaN
NaN NaN
NaN NaN
NaN NaN
NaN NaN
NaN NaN
NaN NaN
NaN NaN
45.9441 0.433578
56.3048 0.479802
64.836 0.503769
71.5956 0.511517
79.6196 0.525806
86.9256 0.528473
93.7932 0.514529
103.423 0.532652
108.041 0.512641
146.829 0.0092412
193.884 2.67587e-07
198.425 0.429287
231.059 0.474379
258.719 0.494711
282.653 0.5123
304.088 0.527983
324.125 0.537328
337.062 0.528581
445.107 0.49314
487.348 0.416899
502.317 0.345166
501.718 0.289928
494.728 0.242051
484.736 0.214548
473.172 0.179528
461.197 0.165491
448.571 0.137876
349.065 0.0656842
286.721 0.0662133
244.737 0.0641681
213.853 0.0450813
191.178 0.0601692
172.709 0.055239
158.138 0.0712962
145.935 0.0606171
135.66 0.0602308
81.9357 0.0543823
60.6153 0.0594381
49.0019 0.057162
32.1622 0.0597837
25.8174 0.0844611
22.6199 0.108948
20.7111 0.134347
19.4879 0.15992
18.1724 0.174905
15.794 0.365587
16.6711 0.535146
19.4812 0.726697
23.0697 0.929733
27.898 1.15789
28.3189 1.27213
33.0866 1.49472
34.798 1.63768
35.624 1.75429
68.6656 3.56567
94.6287 5.17429
119.513 6.74522
140.43 8.20155
184.409 10.324
197.276 11.5513
199.284 12.4109
217.327 13.7612
266.41 16.0749
