NaN NaN
NaN NaN
NaN NaN
NaN NaN
NaN NaN
NaN NaN
NaN NaN
NaN NaN
NaN NaN
NaN NaN
45.932 0.439389
56.5513 0.500097
65.2303 0.530377
72.3197 0.498002
81.6689 0.545647
93.1503 0.651513
117.809 1.04209
138.455 1.3894
163.758 1.82264
429.745 5.01927
551.859 3.36458
590.193 4.91247
627.49 4.4795
658.82 2.96809
669.532 3.95162
680.44 3.81285
689.891 3.39492
691.84 1.35657
650.128 1.36869
586.221 1.39991
532.746 1.38836
483.323 1.32729
450.34 1.29827
421.178 1.28581
396.857 1.26745
373.643 1.2297
356.119 1.26249
242.632 1.22076
190.151 1.23676
154.904 1.19009
130.804 1.1688
116.46 1.21092
103.284 1.14904
96.1682 1.26451
86.1546 1.22834
80.0654 1.19461
46.5201 1.20985
34.1439 1.46802
25.0978 0.761503
23.3338 1.30061
17.6637 0.627392
16.8461 0.832876
15.7679 0.934313
14.0589 0.957731
15.1197 1.70099
7.74968 0.568984
6.16077 0.764696
5.84815 0.659271
4.94743 0.492569
5.05309 0.549829
4.24096 0.41498
3.73534 0.228411
3.69027 0.286625
3.16455 0.208049
2.91183 0.227278
3.56863 1.01728
3.071 0.470201
3.81414 0.498116
3.08028 0.251148
2.78789 0.171039
3.0704 0.258993
3.38262 0.310459
6.29946 2.56644
