NaN NaN
NaN NaN
NaN NaN
NaN NaN
NaN NaN
NaN NaN
NaN NaN
NaN NaN
NaN NaN
NaN NaN
45.9441 0.433578
56.3048 0.479802
64.836 0.503769
71.5956 0.511517
79.6196 0.525806
86.9256 0.528473
93.7932 0.514529
103.423 0.532652
108.041 0.512641
146.829 0.0092412
193.884 2.82159e-07
198.425 0.429287
231.059 0.474379
258.719 0.494711
282.653 0.5123
304.088 0.527983
324.125 0.537328
337.062 0.528581
445.107 0.49314
487.348 0.416899
502.317 0.345166
501.718 0.289928
494.728 0.242051
484.736 0.214548
473.172 0.179528
461.197 0.165491
448.571 0.137876
349.065 0.0656842
286.721 0.0662133
244.737 0.0641681
213.853 0.0450813
177.544 0.0746864
133.097 0.0744854
112.86 0.103218
99.3736 0.124533
89.3456 0.124733
48.3797 0.216031
36.6009 0.453746
29.1177 0.489301
26.3079 0.753626
21.673 0.594448
19.5972 0.655369
18.9635 0.879349
18.545 1.07645
21.5809 1.6273
19.0551 2.663
23.6383 4.12087
12.4178 2.98046
18.5377 4.71309
28.8045 6.92717
25.5781 6.9981
31.1006 8.43163
34.3367 9.48534
44.1824 11.5436
43.9487 16.3285
83.9653 28.2818
124.003 39.9942
154.163 49.9962
184.289 60.003
354.465 90.3712
110.797 53.3309
124.246 60.0005
337.745 105.4
