NaN NaN
NaN NaN
NaN NaN
NaN NaN
NaN NaN
NaN NaN
NaN NaN
NaN NaN
NaN NaN
NaN NaN
45.9441 0.433578
56.3048 0.479802
64.8674 0.50368
71.6188 0.486739
80.9771 0.542046
93.4713 0.667234
116.441 1.04703
136.831 1.40392
160.567 1.82385
425.504 5.20036
553.63 2.85668
595.653 4.35636
632.046 3.36369
654.345 3.67797
671.743 3.00861
685.994 2.70659
681.319 4.37404
691.224 1.34202
653.443 1.36943
583.702 1.42413
530.534 1.35456
487.839 1.34758
452.305 1.316
421.154 1.28575
397.47 1.26174
374.629 1.26058
356.704 1.25102
243.232 1.22868
187.514 1.18228
157.217 1.45746
132.406 1.17839
117.402 1.23236
103.609 1.16275
93.0279 1.16539
86.2347 1.17096
77.1394 0.989256
46.6354 1.34864
33.2784 0.924644
29.7215 1.82659
22.114 0.913559
18.7921 0.95549
19.0425 1.78505
22.0903 3.16381
14.2434 1.26645
12.2361 0.677893
6.55286 0.241259
7.41829 1.13644
6.34875 1.6834
5.04479 0.935896
6.67519 3.06485
4.18444 0.33872
4.28345 0.5369
3.68979 0.326812
3.87961 0.424524
3.00382 0.200669
3.49033 0.966851
2.89389 0.230599
3.65055 0.82402
3.21847 0.288285
2.60919 0.15258
3.99128 0.849261
2.94805 0.254736
2.7269 0.184694
