NaN NaN
NaN NaN
NaN NaN
NaN NaN
NaN NaN
NaN NaN
NaN NaN
NaN NaN
NaN NaN
NaN NaN
45.932 0.439389
56.5513 0.500097
65.1809 0.531405
72.7673 0.548024
80.6642 0.562156
88.1323 0.542092
95.3804 0.537763
104.395 0.538406
109.422 0.511945
147.01 0.00924575
194.152 4.45215e-07
198.681 0.433237
229.878 0.470803
258.315 0.493628
282.431 0.513982
304.132 0.527867
324.501 0.539437
337.254 0.528684
444.906 0.496159
487.813 0.415476
501.753 0.34734
501.575 0.289949
494.831 0.240832
484.759 0.21401
473.202 0.178788
460.979 0.166841
448.592 0.137531
352.951 0.067626
281.942 0.098168
185.23 0.102179
148.513 0.0922736
126.27 0.142634
110.811 0.173445
99.6087 0.237415
89.98 0.186808
82.7367 0.229055
47.2128 0.341119
37.391 0.984653
29.9425 1.05169
25.8969 1.21983
20.5181 0.599405
19.0999 0.98835
18.5084 1.38354
16.5021 1.27138
25.5272 3.46079
12.3722 2.82742
27.7298 7.93674
17.7176 6.9278
30.2674 11.1792
28.8046 11.9993
25.7181 12.1239
28.3663 13.8565
31.2442 15.5862
24.1124 14.1413
63.9374 34.6381
64.1065 42.4251
84.1736 56.5648
203.927 99.9965
184.237 103.923
424.171 171.496
4.71433 0.401934
94.0895 90.0034
303.979 173.193
