NaN NaN
NaN NaN
NaN NaN
NaN NaN
NaN NaN
NaN NaN
NaN NaN
NaN NaN
NaN NaN
NaN NaN
45.9441 0.433578
56.3048 0.479802
64.836 0.503769
71.5956 0.511517
79.6196 0.525806
86.9256 0.528473
93.7932 0.514529
103.423 0.532652
108.041 0.512641
146.829 0.0092412
193.884 2.81193e-07
198.425 0.429287
231.059 0.474379
258.719 0.494711
282.653 0.5123
304.088 0.527983
324.125 0.537328
337.062 0.528581
445.107 0.49314
487.348 0.416899
502.317 0.345166
501.718 0.289928
494.728 0.242051
484.736 0.214548
473.172 0.179528
461.197 0.165491
448.571 0.137876
349.065 0.0656842
286.721 0.0662133
244.737 0.0641681
213.853 0.0450813
191.178 0.0601692
172.709 0.055239
158.138 0.0712962
145.935 0.0606171
135.66 0.0602308
52.548 0.112363
37.3422 0.207695
29.9889 0.268866
25.8742 0.354095
22.3431 0.357716
20.2126 0.397917
19.7731 0.537555
18.3625 0.580806
19.0065 0.725253
16.0232 1.22768
18.9681 1.91727
18.9516 2.29375
20.2239 2.736
26.4467 3.59777
29.1111 4.13768
33.2631 4.7977
34.0552 5.16765
41.229 6.07991
55.9261 10.1945
90.9955 16.1523
112.049 20.7829
204.541 31.6204
154.308 29.9968
277.593 43.7143
180.379 37.5165
220.668 44.0837
244.571 48.9915
