NaN NaN
NaN NaN
NaN NaN
NaN NaN
NaN NaN
NaN NaN
NaN NaN
NaN NaN
NaN NaN
NaN NaN
226.395 1.3073
236.628 1.19838
246.43 1.13095
259.036 1.11342
258.728 0.978945
264.089 0.922924
270.637 0.871955
280.187 0.853413
288.238 0.816916
371.76 0.581242
472.375 5.01756e-07
541.692 1.19207e-06
600.548 1.51656e-06
651.608 8.40658e-07
696.437 7.28946e-07
736.129 1.69017e-06
771.433 1.70046e-06
802.933 1.43415e-06
975.827 1.63935e-06
1011.67 2.0736e-06
997.504 2.46539e-06
966.802 1.55098e-06
931.861 1.18011e-06
897.034 1.66507e-06
863.83 1.69152e-06
853.485 0.139082
756.596 0.154451
440.353 0.134384
326.564 0.134465
266.737 0.39907
225.525 0.133346
200.26 0.83162
177.743 0.133026
162.192 1.11674
146.187 0.897632
136.64 0.995361
80.385 0.124475
64.5497 4.23614
46.288 0.122628
49.3802 7.06658
34.038 0.124925
30.4101 0.131015
27.5705 0.1379
24.8262 0.126436
92.8075 26.4507
13.2726 0.117521
100.417 51.9596
8.57048 0.158686
57.405 49.9995
6.59563 0.157667
6.24734 0.17035
85.6553 79.9985
5.58661 0.180412
5.05965 0.17707
4.02279 0.156851
3.68183 0.121318
4.25146 0.453098
3.71297 0.147331
4.18132 0.486795
2104.03 1212.36
4.31165 0.608536
903.73 899.986
4.92258 0.800395
