NaN NaN
NaN NaN
NaN NaN
NaN NaN
NaN NaN
NaN NaN
NaN NaN
NaN NaN
NaN NaN
NaN NaN
226.395 1.3073
236.628 1.19838
246.43 1.13095
259.036 1.11342
258.728 0.978945
264.089 0.922924
270.637 0.871955
280.187 0.853413
288.238 0.816916
371.76 0.581242
472.375 6.04548e-07
541.692 1.21552e-06
600.548 1.56159e-06
651.608 8.30814e-07
696.437 7.31102e-07
736.129 1.68483e-06
771.433 1.7377e-06
802.933 1.44188e-06
975.827 1.62421e-06
1011.67 2.10837e-06
997.504 2.48131e-06
966.802 1.55098e-06
931.861 1.18122e-06
897.034 1.60686e-06
863.83 1.72538e-06
832.792 2.08649e-06
804.038 9.63326e-08
605.895 6.23716e-07
490.202 0.00555703
415.549 0.0578659
280.729 0.0671594
228.479 0.11321
196.912 0.135058
174.824 0.218084
157.418 0.174723
143.907 0.218029
82.3923 0.386135
62.5836 1.06168
50.8233 1.25068
44.2024 1.56917
34.7024 0.597898
32.4122 1.20784
29.7317 1.38157
27.5461 1.55496
36.9097 3.73434
15.5435 1.99903
31.2973 7.93552
20.4651 6.92718
32.3148 11.1782
30.6031 11.9984
27.2021 12.1233
29.7384 13.856
23.4812 12.7263
25.1259 14.1411
64.1565 34.6389
93.9442 51.9583
84.0633 56.5661
203.938 100.001
304.143 134.158
564.322 198.017
84.0339 79.9965
183.992 127.278
304.044 173.203
