NaN NaN
NaN NaN
NaN NaN
NaN NaN
NaN NaN
NaN NaN
NaN NaN
NaN NaN
NaN NaN
NaN NaN
226.395 1.3073
236.628 1.19838
246.43 1.13095
259.036 1.11342
258.728 0.978945
264.089 0.922924
270.637 0.871955
280.187 0.853413
288.238 0.816916
371.76 0.581242
472.375 6.23128e-07
541.692 1.19811e-06
600.548 1.57284e-06
651.608 8.32106e-07
696.437 7.33754e-07
736.129 1.68954e-06
771.433 1.73114e-06
802.933 1.50038e-06
975.827 1.67204e-06
1011.67 2.08602e-06
997.504 2.49329e-06
966.802 1.54471e-06
931.861 1.14539e-06
897.034 1.66507e-06
863.83 1.68872e-06
832.792 1.94067e-06
804.038 2.35966e-07
605.895 6.18899e-07
490.202 0.00555703
415.549 0.0578659
362.553 0.0402706
323.189 0.0696723
292.466 0.0696595
267.7 0.0881545
247.326 0.0783807
230.062 0.0755909
101.737 0.100037
66.1482 0.218602
51.405 0.288878
43.8871 0.399106
38.3006 0.434267
34.487 0.496362
31.9307 0.573263
29.2317 0.612902
28.7194 0.744737
20.791 1.19194
22.2146 1.89129
18.0531 1.95514
20.8575 2.59479
25.8528 3.39073
27.1455 3.82978
32.98 4.66113
33.3801 5.0076
44.2469 6.24124
68.2812 11.3098
109.166 17.7475
140.161 23.3219
269.644 36.401
220.295 35.9914
361.851 49.9926
300.335 48.6402
292.421 50.9058
344.46 58.3069
