NaN NaN
NaN NaN
NaN NaN
NaN NaN
NaN NaN
NaN NaN
NaN NaN
NaN NaN
NaN NaN
NaN NaN
226.395 1.3073
236.628 1.19838
246.43 1.13095
259.036 1.11342
258.728 0.978945
264.089 0.922924
270.637 0.871955
280.187 0.853413
288.238 0.816916
371.76 0.581242
472.375 6.15379e-07
541.692 1.21149e-06
600.548 1.55172e-06
651.608 8.47621e-07
696.437 7.7246e-07
736.129 1.68241e-06
771.433 1.69962e-06
802.933 1.46641e-06
975.827 1.59892e-06
1011.67 2.05717e-06
997.504 2.48416e-06
966.802 1.55722e-06
931.861 1.16052e-06
897.034 1.60171e-06
863.83 1.67662e-06
832.792 2.06398e-06
804.038 2.35966e-07
605.895 6.23716e-07
490.202 0.00555703
415.549 0.0578659
362.553 0.0402706
323.189 0.0696723
292.466 0.0696595
266.832 0.0921445
197.417 0.0914706
169.249 0.10116
85.7822 0.26835
62.6191 0.498595
50.3976 0.63067
43.2042 0.814381
36.1917 0.622151
32.8056 0.764247
31.6366 1.08846
29.3217 1.15237
31.5642 1.68902
23.5894 2.57645
26.258 3.99637
13.7797 2.66534
23.9971 5.2683
28.6397 6.63136
20.1504 5.71405
32.4558 8.43063
35.4582 9.48441
41.8432 11.0525
57.5193 18.8544
123.977 34.6354
150.711 44.2164
254.058 64.5397
204.175 63.2523
424.373 99.0122
190.777 70.5467
184.108 73.4835
437.485 120.176
