NaN NaN
NaN NaN
NaN NaN
NaN NaN
NaN NaN
NaN NaN
NaN NaN
NaN NaN
NaN NaN
NaN NaN
226.395 1.3073
236.628 1.19838
246.43 1.13095
259.036 1.11342
258.728 0.978945
264.089 0.922924
270.637 0.871955
280.187 0.853413
288.238 0.816916
371.76 0.581242
472.375 5.52628e-07
541.692 1.17948e-06
600.548 1.57017e-06
651.608 8.19918e-07
696.437 7.22315e-07
736.129 1.70191e-06
771.433 1.76855e-06
802.933 1.48306e-06
975.827 1.28547e-06
1011.67 2.07048e-06
997.504 2.51025e-06
966.802 1.48713e-06
931.861 1.03364e-06
897.034 1.60105e-06
863.83 1.66165e-06
832.792 2.07151e-06
804.038 2.35966e-07
605.895 6.37947e-07
490.202 0.00555703
415.549 0.0578659
362.553 0.0402706
323.189 0.0696723
292.466 0.0696595
267.7 0.0881545
247.326 0.0783807
230.062 0.0755909
140.453 0.0791986
104.221 0.0917849
83.9094 0.0874493
71.1245 0.0911679
61.7621 0.0887262
42.1104 0.0940769
36.2108 0.1222
32.686 0.149807
29.8722 0.170237
20.8596 0.3504
19.5001 0.507334
19.908 0.659845
22.3699 0.850711
25.208 1.03982
27.8683 1.21617
31.7287 1.4227
33.8808 1.58026
35.9073 1.73291
81.1877 3.88106
116.126 5.7438
146.779 7.48923
184.648 9.42034
228.462 11.5039
267.946 13.469
274.654 14.5832
296.548 16.09
375.321 19.0778
