NaN NaN
NaN NaN
NaN NaN
NaN NaN
NaN NaN
NaN NaN
NaN NaN
NaN NaN
NaN NaN
NaN NaN
226.395 1.3073
236.628 1.19838
246.43 1.13095
259.036 1.11342
258.728 0.978945
264.089 0.922924
270.637 0.871955
280.187 0.853413
288.238 0.816916
371.76 0.581242
472.375 5.56953e-07
541.692 1.22127e-06
600.548 1.50769e-06
651.608 8.3026e-07
696.437 7.18332e-07
757.831 0.30778
855.041 0.346706
939.106 0.435504
1245.27 0.667801
1099.61 0.570282
955.102 0.421035
854.615 0.426298
782.662 0.430308
725.48 0.42877
679.231 0.43169
639.376 0.423472
607.363 0.428693
412.773 0.425051
317.343 0.442781
260.534 0.469101
223.313 0.419625
197.097 0.413483
176.487 0.410291
160.148 0.405667
146.432 0.401463
135.665 0.402916
79.9833 0.38157
58.5231 0.378157
46.2692 0.38657
40.0519 0.448631
33.9327 0.379651
30.5235 0.460725
28.1999 0.60222
24.6577 0.39298
122.794 99.9991
12.7014 0.30976
10.0907 0.381414
8.59852 0.469013
7.39798 0.387756
5.94267 0.21319
5.91688 0.268934
5.42583 0.399863
6.34078 1.16585
5.05822 0.502829
4.00456 0.477399
4.36937 0.714909
3.23745 0.142214
3.99816 0.7453
5.61915 2.36116
3.21038 0.13398
4.17233 0.81542
2.88044 0.0921341
3.55707 0.470291
