NaN NaN
399.067 2.05806
391.641 1.92207
375.735 1.81078
362.528 1.64425
349.105 1.5466
335.23 1.48035
318.295 1.38572
304.59 1.34157
293.35 1.2645
206.247 0.884749
144.944 0.892015
108.177 0.987624
85.5112 0.98254
69.3034 0.906432
60.6698 0.839286
53.9675 0.78982
48.2745 0.749603
44.7725 0.736212
25.1691 0.577713
18.353 0.585496
15.2723 0.557396
12.4069 0.685339
12.9664 1.07552
9.6396 0.531499
9.30101 0.646466
11.9025 1.31938
8.05667 0.498906
7.64334 1.67721
3.85832 0.190396
3.46717 0.198018
3.12653 0.175573
5.65598 2.24992
2.76447 0.123008
3.46875 0.39381
11.8341 9.00266
3.27243 0.435971
3.35299 0.420995
4.17862 0.807622
5.74018 1.90312
2.94614 0.242481
3.02682 0.236825
2.76526 0.150562
2.86129 0.1487
3.03771 0.440027
3.59253 0.522453
2.78113 0.143084
3.50863 0.322015
4.4984 1.82437
69.9627 66.3564
2.85207 0.160711
36.9355 33.6414
3.81869 0.643851
3.01719 0.28121
3.28378 0.626843
2.84114 0.153926
4.00291 0.793642
3.29728 0.287428
3.79024 0.960046
6.48246 3.657
3.49199 0.32003
3.9465 0.544021
3.1113 0.209096
2.86577 0.219235
15315.3 15311.1
3.72028 1.01903
3.09684 0.263582
3.86677 0.860672
3.35628 0.31468
3.1196 0.266974
3.32455 0.273893
3.48586 0.302677
189.153 182.675
