NaN NaN
NaN NaN
NaN NaN
NaN NaN
NaN NaN
NaN NaN
NaN NaN
NaN NaN
NaN NaN
NaN NaN
232.063 1.01307
162.851 0.860835
115.943 0.983036
89.1182 0.970818
73.0732 0.925813
63.3716 0.875377
55.525 0.785219
48.2227 0.704757
44.0863 0.663515
27.4134 0.72999
17.5654 0.476957
13.7196 0.396728
14.0113 0.911124
11.6219 0.618728
9.15128 0.479172
8.88893 0.574943
7.85499 0.534998
7.8938 0.54121
4.57448 0.204529
3.84296 0.327424
3.49164 0.271399
3.10659 0.194472
2.99454 0.240906
2.91271 0.209139
3.40879 0.357939
12.2178 9.00203
3.1739 0.457797
2.47267 0.125796
3.80414 0.665566
2.82288 0.272743
2.96936 0.201911
3.54444 0.403229
3.40372 0.528796
2.64203 0.137515
3.54156 0.432106
3.34751 0.45896
3.38326 0.464424
3.02548 0.214755
2.79925 0.152557
224.727 220.617
3.36419 0.35465
84.4374 58.492
3.03555 0.210516
2.78586 0.133841
4.97925 1.34598
2.84205 0.15373
3.95892 0.76893
3.2908 0.285728
3.74293 0.915844
5.8721 3.06428
3.45976 0.317765
3.9173 0.535475
3.10133 0.208568
2.85777 0.217869
15315.1 15310.9
3.64339 0.968161
3.10619 0.26205
3.82168 0.82568
3.32819 0.312337
3.10716 0.265057
3.72439 0.442118
3.47418 0.301329
188.84 182.669
