NaN NaN
NaN NaN
NaN NaN
NaN NaN
NaN NaN
NaN NaN
NaN NaN
NaN NaN
NaN NaN
NaN NaN
231.123 1.01498
169.053 0.636007
138.702 0.501195
119.397 0.439668
105.051 0.375321
94.1548 0.341916
85.7401 0.309893
77.9081 0.286983
71.3561 0.274005
31.0252 0.346707
19.7638 0.251742
15.1691 0.207374
13.0825 0.224212
11.5235 0.214876
9.97798 0.201216
9.22396 0.194604
8.59821 0.234153
7.99377 0.2048
5.14193 0.260386
4.02317 0.118856
4.44992 0.477779
4.33446 0.563733
3.61526 0.244287
4.27537 0.764066
3.72568 0.267135
5.37275 1.16698
3.59132 0.323458
3.17514 0.146422
4.61698 0.888804
4.08039 0.579817
3.49799 0.255517
3.79396 0.593693
3.03845 0.113271
3.2584 0.246354
3.43776 0.414662
3.50268 0.212602
4.60173 0.689825
3.30027 0.147265
7.59719 4.04443
28.175 22.2367
3.84438 0.391256
14.0287 6.47728
3.55374 0.249629
9.64919 5.76373
20.3258 16.9253
4.18387 1.00367
189.127 185.733
3.37486 0.15143
745.948 552.892
4.6996 1.02315
6.19251 1.6799
29.9247 22.8372
89.3108 84.155
25.8875 18.6298
1579.38 1531.37
3.23294 0.159883
805.416 761.411
856.963 853.415
3.78517 0.387271
13.0359 9.20725
2566.24 2562.32
7313.64 7310.12
21.8194 18.2669
