NaN NaN
399.067 2.05806
391.641 1.92207
375.735 1.81078
362.528 1.64425
349.105 1.5466
335.23 1.48035
318.295 1.38572
304.59 1.34157
293.35 1.2645
208.138 0.876126
162.547 0.678002
135.292 0.564037
116.838 0.481711
101.426 0.413285
92.065 0.377817
83.7731 0.342686
76.026 0.31359
68.8464 0.300731
29.8273 0.341315
18.7815 0.250403
15.4365 0.241565
12.8558 0.199056
11.3612 0.218498
10.0419 0.208297
9.15564 0.214687
8.84585 0.261718
7.75621 0.196793
5.85623 0.370744
4.23959 0.155287
4.57027 0.510596
4.22491 0.549186
3.53769 0.268514
4.92317 0.91671
3.18823 0.134211
4.30692 0.922646
3.20496 0.151402
3.32223 0.191502
4.14549 0.680845
5.04515 1.08862
3.18171 0.163659
3.59582 0.390943
3.48613 0.286641
3.43614 0.285172
3.42073 0.228896
6.48472 2.60488
4.13234 0.690554
3.61889 0.281681
8.07842 4.22086
41.4891 31.7781
3.72101 0.409633
21.5545 14.4497
3.54356 0.223808
50.2077 45.8844
11.3136 7.76571
4.48512 1.28735
189.334 185.904
3.40199 0.155461
746.119 552.952
6.77551 3.06997
6.14969 1.6332
28.1136 22.7868
89.372 84.202
25.9199 18.6442
1578.35 1531.39
3.25864 0.168733
829.977 761.873
857.016 853.427
3.79316 0.388243
13.6921 9.26472
2566.38 2562.33
18.784 15.6429
21.8572 18.2674
