NaN NaN
NaN NaN
NaN NaN
NaN NaN
NaN NaN
NaN NaN
NaN NaN
NaN NaN
NaN NaN
NaN NaN
231.123 1.01498
169.053 0.636007
138.702 0.501195
119.397 0.439668
105.051 0.375321
94.1548 0.341916
85.74 0.309824
78.1801 0.285014
72.7531 0.264414
43.2633 0.155937
31.6802 0.112349
25.4094 0.0924467
21.5712 0.076776
18.8882 0.0680044
16.754 0.0609008
15.2924 0.0533083
13.9804 0.0500087
12.994 0.0452079
8.26369 0.0291539
6.59678 0.0227964
5.74998 0.0195111
5.24701 0.0172464
4.92099 0.0155888
4.63666 0.0155104
4.37123 0.016308
4.2049 0.0186349
4.04954 0.020907
3.71751 0.0328762
3.90281 0.0347617
4.01616 0.038456
4.12532 0.0442296
4.31632 0.0532913
4.3498 0.0549648
4.65616 0.0688186
4.58591 0.0693338
5.03764 0.0875031
5.87948 0.143968
7.21227 0.222284
8.00687 0.271367
9.35321 0.356081
9.95274 0.400471
11.0091 0.456325
12.3888 0.555471
13.1228 0.58557
14.3714 0.690804
24.3758 1.31677
36.325 2.10884
49.1211 2.93096
52.1679 3.18651
75.1392 4.48263
76.1963 4.83943
81.2276 5.06693
100.021 6.42892
110.585 7.16148
223.922 14.6796
315.39 20.5015
422.781 26.7307
533.883 34.995
639.107 41.5171
771.286 50.4444
926.947 60.1293
937.983 62.3406
947.056 64.2679
