NaN NaN
399.067 2.05806
391.641 1.92207
375.735 1.81078
362.528 1.64425
349.105 1.5466
335.23 1.48035
318.295 1.38572
304.59 1.34157
293.35 1.2645
208.138 0.876126
162.547 0.678002
135.292 0.564037
116.838 0.481711
101.426 0.413285
92.0705 0.377727
83.8993 0.341251
76.9314 0.309471
71.0952 0.286531
42.5602 0.16845
31.0395 0.119312
25.221 0.0930112
21.2194 0.0774371
18.4454 0.0670202
16.3958 0.0595732
14.9054 0.0528524
13.7281 0.0501704
12.7717 0.0446851
7.22012 0.0446744
4.96256 0.0499959
4.27944 0.0480492
3.97115 0.0458706
3.767 0.0426896
3.71592 0.0479848
3.59423 0.0447701
3.61457 0.0491999
3.54214 0.0461591
3.81585 0.0884503
3.95677 0.112878
4.17041 0.146459
4.15659 0.129758
4.51688 0.190641
4.59601 0.214718
4.74648 0.238697
4.97272 0.25105
5.20008 0.271378
6.05118 0.447529
8.20275 0.881129
7.9666 0.896409
10.6831 1.3903
8.88257 0.974542
11.8384 1.45304
12.0717 1.82584
11.6576 1.74729
16.4079 2.47289
28.4815 4.95944
41.6444 7.38744
31.3844 6.29748
56.7352 10.7222
75.4206 15.273
59.599 12.7509
70.3567 15.403
92.9714 21.1404
134.495 25.998
290.496 55.5844
298.463 61.5205
409.874 80.5798
485.879 115.286
639.819 132.74
728.602 151.45
844.659 170.659
863.795 182.291
1146.04 227.741
