NaN NaN
399.067 2.05806
391.641 1.92207
375.735 1.81078
362.528 1.64425
349.105 1.5466
335.23 1.48035
318.295 1.38572
304.59 1.34157
293.35 1.2645
208.138 0.876126
162.547 0.678002
135.292 0.564037
116.838 0.481711
101.426 0.413285
92.0705 0.377727
83.8993 0.341251
76.9314 0.309471
71.0952 0.286531
42.5602 0.16845
31.0315 0.11945
24.1926 0.101918
18.4539 0.118484
14.6187 0.127788
12.0424 0.125257
10.3948 0.119616
9.28108 0.112968
8.30379 0.100472
5.48456 0.0936655
4.49628 0.0985549
4.14984 0.127194
3.96539 0.128436
3.75515 0.11295
4.20077 0.219237
3.64353 0.14909
3.79855 0.183084
3.44139 0.128401
3.46958 0.159088
3.80384 0.166345
4.83276 0.627085
3.38727 0.0950999
5.88081 0.952126
4.38719 0.49645
4.46493 0.820665
3.73195 0.211865
4.04064 0.296945
4.94295 0.635647
6.97046 2.58335
13.3143 5.42688
9.55338 3.29423
7.79174 2.08205
12.315 4.32073
11.4597 5.23026
10.2877 4.73092
22.1679 9.819
15.7649 7.55902
87.2002 42.5935
23.973 16.4226
162.864 70.7491
23.3898 11.1152
51.7856 31.5787
45.4395 27.2611
124.406 76.4521
21.91 8.84903
592.375 296.527
455.978 255.188
447.688 231.305
1461.11 696.312
857.163 550.848
789.833 528.198
428.127 267.869
805.13 520.644
1623.57 940.482
