NaN NaN
NaN NaN
NaN NaN
NaN NaN
NaN NaN
NaN NaN
NaN NaN
NaN NaN
NaN NaN
NaN NaN
231.123 1.01498
169.053 0.636007
138.702 0.501195
119.397 0.439668
105.051 0.375321
94.1548 0.341916
85.74 0.309824
78.1801 0.285014
72.7531 0.264414
43.2633 0.155937
31.6802 0.112349
25.4094 0.0924467
21.5712 0.076776
18.8882 0.0680044
16.754 0.0609008
15.2924 0.0533083
13.9804 0.0500087
12.994 0.0452079
7.38337 0.0437401
5.12007 0.0506377
4.28152 0.0471687
3.97094 0.0448453
3.75263 0.0420524
3.74407 0.044554
3.63723 0.045688
3.59699 0.0480693
3.53527 0.0449641
3.83767 0.0877666
4.02362 0.113996
4.16153 0.139721
3.96105 0.101338
4.57537 0.187879
4.39551 0.194975
4.99542 0.26912
4.6768 0.214367
4.66681 0.225953
6.48458 0.524104
8.3063 0.90182
7.36189 0.607138
8.56974 1.0254
8.98939 1.14519
10.6241 1.338
12.4945 1.82573
12.2169 1.61511
18.9467 2.76216
24.2566 4.0632
37.8746 6.66978
28.3302 4.92423
65.7668 12.4294
77.8857 15.4965
52.8164 11.3536
69.1592 15.3774
94.224 21.1518
139.359 26.411
298.25 56.1088
289.288 60.8742
411.874 80.7534
436.392 106.377
616.614 129.911
733.375 151.541
844.445 170.672
955.976 197.353
1151.47 228.066
