NaN NaN
NaN NaN
NaN NaN
NaN NaN
NaN NaN
NaN NaN
NaN NaN
NaN NaN
NaN NaN
NaN NaN
231.123 1.01498
169.053 0.636007
138.702 0.501195
119.397 0.439668
105.051 0.375321
94.1548 0.341916
85.74 0.309824
78.1801 0.285014
72.7531 0.264414
43.2633 0.155937
31.6803 0.112349
24.6729 0.0983016
19.1818 0.112773
15.2145 0.125517
12.4369 0.125518
10.7873 0.121368
9.29388 0.10987
8.49696 0.101157
5.43854 0.0936928
4.50489 0.092342
4.18096 0.123733
4.0434 0.130946
3.71951 0.119035
3.9198 0.173604
3.67971 0.146409
3.70726 0.181581
3.50118 0.134991
3.86088 0.277163
3.56339 0.137181
4.3394 0.451295
3.52194 0.142651
5.38553 0.916505
3.59124 0.14277
6.48812 1.30487
4.52101 0.575642
4.09501 0.429555
4.27804 0.283548
7.54475 2.01431
6.56688 1.45383
9.87116 3.54397
5.82871 1.38243
15.8095 6.63887
26.1926 10.155
7.96065 1.50476
17.0221 6.63569
15.6141 7.52039
56.6318 30.2143
24.057 16.4064
196.379 78.1775
23.0246 11.0979
51.3222 31.5637
45.7167 27.2505
126.873 76.4893
17.7936 7.74225
576.781 295.658
364.141 239.107
445.191 231.288
1461.27 696.31
329.147 160.659
789.642 528.197
385.807 264.426
1534.39 897.403
1623.28 940.481
