NaN NaN
NaN NaN
NaN NaN
NaN NaN
NaN NaN
NaN NaN
NaN NaN
NaN NaN
NaN NaN
NaN NaN
231.123 1.01498
169.053 0.636007
138.702 0.501195
119.397 0.439668
105.051 0.375321
94.1548 0.341916
85.74 0.309824
78.1801 0.285014
72.7531 0.264414
43.2633 0.155937
31.6802 0.112349
25.4094 0.0924467
21.5712 0.076776
18.8882 0.0680044
16.754 0.0609008
15.2924 0.0533083
13.9804 0.0500087
12.994 0.0452079
8.26369 0.0291539
6.59678 0.0227964
5.74998 0.0195111
5.24701 0.0172464
4.92774 0.015548
4.69454 0.0149257
4.51503 0.0137661
4.40945 0.0133245
4.28281 0.0126248
3.93411 0.010299
3.89904 0.00957441
3.90635 0.00889587
3.93975 0.00911281
3.99623 0.0116127
4.10248 0.0150755
4.24431 0.0184709
4.33976 0.0208073
4.46443 0.0225019
5.58965 0.0380969
6.71536 0.0572942
7.65845 0.0762029
8.70038 0.0961572
9.86544 0.117469
10.2541 0.129658
11.8139 0.156651
12.699 0.173832
13.5766 0.192482
23.4758 0.386271
34.3702 0.5984
43.1005 0.795703
53.7748 0.99206
64.5015 1.19639
73.3618 1.38569
85.8949 1.61753
91.4623 1.76881
102.162 1.98323
208.396 4.08701
316.971 6.26099
414.37 8.1821
529.679 10.4233
613.156 12.1899
728.053 14.4826
820.346 16.4705
915.964 18.427
1040.6 20.8081
