NaN NaN
NaN NaN
NaN NaN
NaN NaN
NaN NaN
NaN NaN
NaN NaN
NaN NaN
NaN NaN
NaN NaN
231.123 1.01498
169.053 0.636007
138.702 0.501195
119.397 0.439668
105.051 0.375321
94.1548 0.341916
85.74 0.309824
78.1801 0.285014
72.7531 0.264414
43.2633 0.155937
31.6802 0.112349
25.4094 0.0924467
21.5712 0.076776
18.8882 0.0680044
16.754 0.0609008
15.2924 0.0533083
13.9804 0.0500087
12.994 0.0452079
8.26369 0.0291539
6.4838 0.0236035
5.28755 0.0286844
4.54229 0.0339962
4.15665 0.0371786
3.88533 0.0375081
3.75865 0.03783
3.69723 0.0378135
3.62281 0.0363949
3.77333 0.0471509
3.92365 0.0602353
4.11884 0.0759412
4.10599 0.0802309
4.51003 0.109889
4.34602 0.100964
4.76636 0.136979
4.738 0.141494
4.98802 0.155847
5.87935 0.252492
7.63999 0.470584
7.20715 0.413446
9.19691 0.634448
10.4098 0.782596
10.987 0.832014
13.6155 1.10835
11.917 0.971656
15.0028 1.2879
22.7248 2.22992
38.2641 4.05728
48.1085 5.39449
60.9085 6.53153
81.2024 8.88218
70.6768 8.23051
65.0104 7.83516
108.594 12.7567
121.217 14.2957
235.765 29.4792
278.66 34.3537
411.345 47.6397
523.342 62.9836
638.124 76.1719
774.418 90.0308
957.404 114.664
929.93 112.837
1081.04 125.652
