NaN NaN
NaN NaN
NaN NaN
NaN NaN
NaN NaN
NaN NaN
NaN NaN
NaN NaN
NaN NaN
NaN NaN
201.904 1.06836
138.641 0.810216
99.9972 0.879107
78.1164 0.880395
63.2716 0.792624
55.0662 0.737367
48.8698 0.660824
43.0661 0.593024
39.3958 0.545779
23.7032 0.49789
17.0213 0.449445
13.1706 0.34199
12.2817 0.507205
10.764 0.420449
8.80168 0.343388
9.40966 0.603563
8.07964 0.422761
7.87432 0.572942
4.84225 0.28567
4.85553 1.20757
5.76372 1.3073
4.57117 1.47185
3.47289 0.368002
3.32689 0.307368
3.1286 0.245772
3.1349 0.399662
3.42187 0.432903
3.33443 0.488521
3.51964 0.444269
7.72739 5.11958
3.14816 0.268229
3.30816 0.381234
3.33728 0.49045
2.52402 0.120789
3.31979 0.429104
2.92103 0.263967
4.00298 0.900987
3.29308 0.282162
3.02427 0.209468
3.52427 0.398718
3.16303 0.210772
15.8246 12.6206
8.68527 5.64681
2.85298 0.187453
3.92118 0.702456
2.91504 0.179903
3.28554 0.680919
3.79518 0.577134
3.44558 0.441127
4.56477 0.799866
3.43406 0.385856
3.43525 0.271407
322.545 319.818
2.91319 0.205166
4956.37 4949.37
4.55658 1.34313
2.74919 0.139867
3.6677 0.389625
3.13266 0.294046
2.77344 0.1486
5378.85 5374.12
3.07938 0.281713
3.06919 0.228917
