NaN NaN
472.422 3.62246
385.59 2.98325
343.291 2.499
310.882 2.12543
292.993 1.90015
279.656 1.73538
263.698 1.60362
251.763 1.47179
246.011 1.42496
173.671 0.929662
128.432 0.828262
96.5436 0.908696
77.2612 0.918514
63.172 0.848048
55.9919 0.828545
48.7085 0.729717
43.8509 0.692574
40.4641 0.670691
23.907 0.657813
16.8152 0.441442
13.6465 0.613332
12.1596 0.672364
10.4917 0.545452
9.0849 0.418684
8.12904 0.41365
8.76995 0.752273
8.0492 0.975259
4.48083 0.240078
4.96741 0.718695
3.3186 0.168446
3.63079 0.381484
3.47007 0.61155
3.35597 0.344744
3.56466 0.536474
3.12561 0.254316
3.33915 0.378025
2.85004 0.348572
2.71158 0.149966
9.19661 6.48405
5.87483 3.26932
2.66397 0.121513
4.14815 0.688667
3.31168 0.406841
3.81224 1.02031
2.73578 0.13278
2.82977 0.137971
2.98197 0.188101
2.80003 0.174348
3.26669 0.632191
3.33459 0.342452
16.4392 13.7137
14.3994 8.24641
3.78083 0.558566
2.99714 0.228752
2.92692 0.180386
3.36447 0.705241
3.8195 0.588546
3.4994 0.447556
4.60994 0.82073
3.44619 0.390044
3.45199 0.272595
322.797 320.069
2.86755 0.197329
5591.55 5584.49
4.67338 1.44086
2.76275 0.140314
3.68587 0.394035
3.14191 0.296202
2.78358 0.148551
5378.95 5374.16
3.06829 0.281967
3.05532 0.228469
