NaN NaN
472.422 3.62246
385.59 2.98325
343.291 2.499
310.882 2.12543
292.993 1.90015
279.656 1.73538
263.698 1.60362
251.763 1.47179
246.011 1.42496
174.599 0.924014
137.862 0.695747
116.056 0.570781
100.804 0.481287
89.553 0.421085
80.9367 0.384338
73.7674 0.343991
67.8158 0.309269
63.2154 0.286192
38.5797 0.164085
28.6985 0.119334
23.3162 0.0910222
19.8812 0.079193
17.2846 0.0674429
15.5112 0.0588667
14.0533 0.0545176
13.0025 0.0492398
12.0843 0.045238
7.08073 0.0428167
5.01581 0.0486306
4.21037 0.0418946
3.89271 0.0362759
3.79445 0.0349743
3.6765 0.0319952
3.607 0.0340598
3.56401 0.0322275
3.52115 0.0322247
3.65087 0.0526533
3.82505 0.0669991
4.12014 0.102446
3.98548 0.112748
4.38323 0.137973
4.28109 0.12356
4.5061 0.163397
4.57842 0.156814
4.84443 0.222566
5.85958 0.426709
6.53451 0.562164
7.25951 0.624917
8.39208 0.951614
10.4345 1.26349
10.3141 1.39372
12.6136 1.74282
8.73186 1.11536
15.6977 2.17868
17.3197 2.77611
23.3674 4.41159
35.1782 7.58678
43.8716 10.2266
79.3923 15.5591
62.9334 13.516
92.0527 17.597
121.751 23.7112
85.0973 19.2806
251.152 48.831
409.047 75.3049
447.837 84.565
504.279 98.2519
783.826 150.485
883.234 168.49
856.023 182.178
1073.79 208.931
1337.91 250.082
