NaN NaN
NaN NaN
NaN NaN
NaN NaN
NaN NaN
NaN NaN
NaN NaN
NaN NaN
NaN NaN
NaN NaN
198.527 1.07355
139.319 0.654505
115.644 0.511612
100.872 0.435162
89.1653 0.382785
81.3917 0.34077
74.4108 0.31003
68.1868 0.280927
63.8128 0.254289
39.1005 0.143184
28.948 0.103122
22.8003 0.0905565
17.6428 0.10845
14.0784 0.120127
11.601 0.117826
9.95104 0.108378
8.83714 0.0969799
8.04263 0.0847344
5.17582 0.0585213
4.41981 0.0617152
4.08631 0.0794308
3.92902 0.0803909
3.62581 0.073914
3.8457 0.101669
3.60201 0.0939918
3.57316 0.108891
3.52084 0.0959656
3.57969 0.153686
3.73219 0.175299
4.12848 0.252274
3.91137 0.378062
3.75636 0.191052
4.38431 0.51861
4.56959 0.441562
4.84375 0.535327
4.87674 0.777064
3.72388 0.139501
5.24354 0.714994
4.20551 0.217572
11.8899 3.84379
4.98238 0.564342
11.3663 3.48872
15.0181 5.29748
10.2822 4.46203
27.4231 11.0011
13.2681 7.79408
34.0242 11.9562
46.9243 21.472
74.0589 48.5716
99.6276 46.3851
91.7467 47.9795
42.1057 15.5205
127.831 84.2994
76.293 53.3018
133.807 67.0831
554.493 252.985
760.879 355.643
595.847 461.196
465.622 257.991
1456.1 665.719
231.294 104.129
148.143 79.7943
1785.34 1034.05
