NaN NaN
NaN NaN
NaN NaN
NaN NaN
NaN NaN
NaN NaN
NaN NaN
NaN NaN
NaN NaN
NaN NaN
198.527 1.07355
139.319 0.654505
115.644 0.511612
100.872 0.435162
89.1653 0.382785
81.3917 0.34077
74.4108 0.31003
68.1868 0.280927
63.8128 0.254289
39.1005 0.143184
28.9482 0.103115
23.5092 0.0834176
20.0498 0.0681802
17.6371 0.05959
15.7934 0.0529899
14.3807 0.0481312
13.2597 0.0442626
12.3153 0.0409504
7.09233 0.0419097
5.03115 0.0488494
4.25119 0.0425134
3.90357 0.0362152
3.77781 0.0342563
3.69909 0.0328406
3.5968 0.0329436
3.51917 0.0326129
3.55162 0.0331572
3.66686 0.0553053
3.87952 0.0760595
4.17507 0.10013
3.90636 0.0882406
4.05496 0.0947281
4.26545 0.132258
4.45704 0.139107
4.46943 0.167465
4.75562 0.194636
5.45798 0.318707
6.38938 0.531158
8.07304 0.860377
11.0433 1.3142
10.1728 1.20065
9.4374 1.15912
11.9697 1.60759
10.1886 1.28124
14.4515 2.0573
17.2253 2.75139
22.1333 4.30231
37.541 8.0985
44.2098 10.2181
77.5492 15.4868
61.7888 13.4863
92.1595 17.5957
123.998 23.9343
91.0706 19.8495
252.834 49.0061
394.117 71.2248
464.294 85.4693
498.132 98.1265
796.217 148.472
900.476 169.446
826.592 177.299
1078.08 208.977
1353.71 256.511
