NaN NaN
NaN NaN
NaN NaN
NaN NaN
NaN NaN
NaN NaN
NaN NaN
NaN NaN
NaN NaN
NaN NaN
198.527 1.07355
139.319 0.654505
115.644 0.511612
100.872 0.435162
89.1653 0.382785
81.3917 0.34077
74.4108 0.31003
68.1868 0.280927
63.8128 0.254289
39.1005 0.143184
28.9482 0.103115
23.5092 0.0834176
20.0498 0.0681802
17.6371 0.05959
15.7934 0.0529899
14.3807 0.0481312
13.2597 0.0442626
12.3153 0.0409504
7.9798 0.0260476
6.47833 0.0199072
5.67779 0.0167426
5.18986 0.0150873
4.88102 0.0136406
4.66087 0.0125604
4.48886 0.0119257
4.3646 0.0113306
4.26491 0.0106437
3.90477 0.00832668
3.84542 0.00731451
3.86417 0.00666082
3.88406 0.00655927
3.92569 0.00921034
4.00933 0.0130706
4.10662 0.0161507
4.21441 0.0184744
4.35386 0.0198607
5.44626 0.0329587
6.38533 0.0504131
7.36561 0.0683489
8.29266 0.0850182
9.47285 0.10846
10.5559 0.12834
11.4497 0.146886
12.4651 0.165916
13.6149 0.18864
23.106 0.37754
32.6816 0.582882
42.3342 0.778153
52.8825 0.976087
62.5255 1.16941
72.4922 1.36897
81.8194 1.55902
94.6141 1.80013
105.616 2.01417
210.357 4.0382
304.188 6.07317
406.078 7.97855
531.793 10.5003
614.049 12.2156
738.363 14.5001
799.786 15.9703
919.823 18.5825
1014.12 20.1483
