NaN NaN
472.422 3.62246
385.59 2.98325
343.291 2.499
310.882 2.12543
292.993 1.90015
279.656 1.73538
263.698 1.60362
251.763 1.47179
246.011 1.42496
174.599 0.924014
137.862 0.695747
116.056 0.570781
100.804 0.481287
89.553 0.421085
80.9367 0.384338
73.7674 0.343991
67.8158 0.309269
63.2154 0.286192
38.5797 0.164085
28.6787 0.11955
22.4474 0.0994693
17.4803 0.116341
13.939 0.124091
11.6069 0.122633
9.92349 0.114159
8.94583 0.108167
8.00661 0.0979737
5.21084 0.0648604
4.51443 0.0738457
4.07614 0.0729917
3.98698 0.0856033
3.76309 0.0907438
3.74763 0.0953073
3.6239 0.102977
3.43975 0.0658547
3.57996 0.101515
3.67091 0.166373
3.93427 0.210615
4.21194 0.25952
3.68701 0.181233
4.53167 0.450828
4.44806 0.503325
4.40882 0.318063
4.81705 0.576495
4.35175 0.372692
3.80392 0.219641
6.83429 1.51296
8.2811 2.39517
12.6061 3.74863
9.37736 3.11048
6.51286 1.91743
8.71695 2.37422
9.35002 3.88665
10.9157 3.67715
13.4019 7.82728
40.3405 14.6697
47.4589 21.5083
73.0073 48.5689
102.596 46.5141
91.4148 47.9935
43.7364 15.6842
128.415 84.3095
71.4841 52.7731
141.045 71.904
529.829 252.036
761.933 355.648
645.002 463.761
329.784 219.784
1456.51 665.721
231.705 104.131
149.328 79.8004
1785.44 1034.05
