NaN NaN
472.422 3.62246
385.59 2.98325
343.291 2.499
310.882 2.12543
292.993 1.90015
279.656 1.73538
263.698 1.60362
251.763 1.47179
246.011 1.42496
174.599 0.924014
137.862 0.695747
116.056 0.570781
100.804 0.481287
89.553 0.421085
80.9334 0.38453
73.6076 0.345017
67.2218 0.31219
61.5121 0.297239
27.779 0.326142
18.3312 0.249185
14.2526 0.216208
12.2208 0.212784
10.6281 0.199108
9.34924 0.182696
8.94585 0.228464
8.13386 0.196912
7.45451 0.205661
5.19414 0.195679
4.25106 0.138298
4.40934 0.324083
4.02951 0.244338
3.61687 0.227585
3.88525 0.242433
3.28131 0.120065
3.38926 0.204823
3.6276 0.317758
3.25298 0.137348
5.25926 1.49106
5.17858 0.998866
5.28983 1.39106
3.56557 0.319078
3.85974 0.370904
6.52176 1.87202
4.37137 0.841228
4.29693 0.587595
3.41627 0.189987
5.28414 1.41524
23.5533 19.6467
5.72906 1.4877
5.09794 1.47385
5.71603 1.713
22.9784 19.0438
3.54819 0.380727
3.83818 0.305954
3.2277 0.142929
79.9537 76.0735
134.317 95.6128
62.4869 47.7063
4.02857 0.478494
48.3146 44.5821
4.13511 0.953636
35.7562 32.01
43.8158 32.309
563.498 558.45
1342.43 990.292
105.063 62.0851
7.30773 3.57977
265.626 214.476
7.91046 3.93553
540.906 537.416
4.66976 0.543621
1369.5 1346.66
