NaN NaN
NaN NaN
NaN NaN
NaN NaN
NaN NaN
NaN NaN
NaN NaN
NaN NaN
NaN NaN
NaN NaN
198.527 1.07355
139.319 0.654505
115.644 0.511612
100.872 0.435162
89.1653 0.382785
81.3917 0.34077
74.4108 0.31003
68.1868 0.280927
63.8128 0.254289
39.1005 0.143184
28.9482 0.103115
23.5092 0.0834176
20.0498 0.0681802
17.6371 0.05959
15.7934 0.0529899
14.3807 0.0481312
13.2597 0.0442626
12.3153 0.0409504
7.9798 0.0260476
6.47833 0.0199072
5.67779 0.0167426
5.18986 0.0150873
4.87681 0.0136692
4.60991 0.0131484
4.35815 0.0147197
4.16478 0.0172269
4.02582 0.0198086
3.66215 0.0298334
3.78705 0.0269798
3.99737 0.0310479
4.01764 0.0328829
4.24435 0.040785
4.30075 0.0448331
4.46948 0.0488891
4.48698 0.0521882
4.67796 0.0608729
5.50816 0.110049
6.27497 0.166471
8.04615 0.25693
8.746 0.314322
9.50133 0.370483
11.2962 0.460735
11.7729 0.504334
12.7524 0.570332
13.7338 0.604036
25.3727 1.37512
33.5705 2.00688
43.0151 2.59942
48.9501 3.11964
69.1451 4.2091
78.6514 4.74795
85.9541 5.32374
101.633 6.38243
111.666 6.91384
208.503 13.6645
312.818 20.3178
448.532 28.2993
539.431 34.9406
696.616 43.7029
824.828 52.1883
813.045 55.6502
1003.64 65.0627
1040.43 66.4522
