NaN NaN
NaN NaN
NaN NaN
NaN NaN
NaN NaN
NaN NaN
NaN NaN
NaN NaN
NaN NaN
NaN NaN
198.527 1.07355
139.319 0.654505
115.644 0.511612
100.872 0.435162
89.1653 0.382785
81.3917 0.34077
74.3964 0.31022
67.9364 0.282791
62.7102 0.2632
28.0007 0.313919
17.8464 0.208372
14.1615 0.162346
12.0501 0.157984
10.9678 0.16946
9.52263 0.153178
8.76826 0.163165
8.39823 0.174253
7.38352 0.145648
4.72577 0.117415
4.14288 0.153784
4.00151 0.256618
3.99584 0.228093
3.39295 0.124204
4.3465 0.500165
3.85007 0.283723
3.84568 0.500002
3.29585 0.205949
3.40356 0.331486
4.49596 0.783954
4.67159 0.87153
3.5526 0.475665
4.3097 0.864573
3.13812 0.10577
3.7941 0.290566
5.36656 2.19982
4.38498 0.942251
3.69066 0.278449
8.2733 3.68091
4.6088 0.68262
7.21986 2.99295
5.01845 1.23894
23.8897 18.952
16.282 12.1338
3.77139 0.390917
3.54131 0.201955
3.21169 0.139249
82.2771 75.9169
133.991 95.4278
59.5533 46.9316
3.91552 0.419629
48.2165 44.5344
4.12663 0.950784
38.6879 32.1279
44.455 32.2949
500.317 494.938
1342.25 990.263
98.354 61.6726
7.2786 3.57826
265.561 214.472
7.88333 3.93826
540.874 537.412
4.52129 0.48148
1369.27 1346.65
