NaN NaN
NaN NaN
NaN NaN
NaN NaN
NaN NaN
NaN NaN
NaN NaN
NaN NaN
NaN NaN
NaN NaN
198.527 1.07355
139.319 0.654505
115.644 0.511612
100.872 0.435162
89.1653 0.382785
81.3917 0.34077
74.4108 0.31003
68.1868 0.280927
63.8128 0.254289
39.1005 0.143184
28.9482 0.103115
23.5092 0.0834176
20.0498 0.0681802
17.6371 0.05959
15.7934 0.0529899
14.3807 0.0481312
13.2597 0.0442626
12.3153 0.0409504
7.9798 0.0260476
6.37883 0.0207954
5.21613 0.027221
4.50391 0.0332134
4.09817 0.035942
3.84451 0.0355739
3.69379 0.0346278
3.62662 0.0327167
3.58967 0.0314154
3.6607 0.032033
3.75771 0.0389824
4.01247 0.0513372
4.04194 0.0600301
4.26726 0.0728158
4.2934 0.0799122
4.54042 0.0877577
4.50678 0.0963784
4.83028 0.119548
5.82309 0.214591
6.39411 0.320056
7.60806 0.439081
10.3274 0.698801
9.86918 0.709125
11.4334 0.822672
13.3744 1.05691
13.0757 1.08989
13.3574 1.08392
23.0507 2.31444
29.9597 3.39666
41.5707 4.46838
39.6952 5.18298
66.0308 7.58755
84.9557 9.77398
87.1184 10.0702
106.025 12.2216
112.346 13.5653
243.5 27.6426
319.1 37.9924
457.299 52.1276
611.818 69.8241
707.035 78.8123
924.629 104.371
847.442 105.102
1039.56 122.935
1141.91 131.44
