NaN NaN
NaN NaN
NaN NaN
NaN NaN
NaN NaN
NaN NaN
NaN NaN
NaN NaN
NaN NaN
NaN NaN
NaN NaN
NaN NaN
NaN NaN
NaN NaN
412.816 583.781
445.425 629.894
475.305 475.258
502.929 410.578
528.691 334.29
686.664 125.624
794.589 96.0626
865.792 81.1011
910.621 63.7267
938.614 58.2736
958.647 52.5874
967.245 47.9935
964.742 45.4585
961.669 41.0234
857.403 25.1096
756.493 18.1509
677.826 14.3768
615.483 11.8263
563.987 10.1261
520.464 8.8092
484.366 7.77212
453.502 7.05791
426.742 6.40496
276.468 3.25933
209.554 2.15832
170.745 1.64273
145.198 1.28384
126.837 1.0672
112.975 0.89251
102.13 0.804763
93.2617 0.687697
85.9539 0.620481
50.3053 0.297105
36.8368 0.192614
21.3948 0.112134
16.4271 0.0827842
13.9806 0.0790447
12.4904 0.0831794
11.2712 0.0826676
10.4738 0.0909598
9.86922 0.0994133
8.13414 0.211945
8.42701 0.325366
9.49575 0.448472
11.3685 0.599406
13.0128 0.73402
17.6359 0.979414
17.3668 1.03886
18.8575 1.16213
22.0097 1.34781
39.9855 2.68314
53.4235 3.84457
66.1153 4.96857
84.2649 6.31346
103.946 7.70992
119.971 8.97865
136.211 10.2334
160.173 11.8001
157.97 12.3495
