NaN NaN
NaN NaN
NaN NaN
NaN NaN
NaN NaN
NaN NaN
NaN NaN
NaN NaN
NaN NaN
NaN NaN
NaN NaN
NaN NaN
NaN NaN
NaN NaN
167.543 236.929
222.499 314.645
116.901 121.686
103.574 90.5976
135.204 96.4272
225.846 45.0562
248.032 32.3517
306.156 30.4833
358.2 26.3541
487.157 31.5167
591.316 34.3601
661.877 34.1088
674.431 33.1138
678.988 30.1583
567.877 17.2417
475.964 11.8436
415.237 9.03662
371.064 7.31068
338.768 6.25969
310.051 5.38453
286.092 4.71871
265.714 4.25686
250.368 3.87004
160.291 1.99322
121.592 1.36718
98.7582 1.07658
81.8918 0.856536
72.0431 0.773087
63.3644 0.669673
58.5038 0.658236
51.6126 0.556889
48.0037 0.5534
28.3283 0.485143
20.882 0.488362
16.7904 0.467334
14.1642 0.501983
12.6324 0.596023
11.7083 0.550149
96.5999 86.8193
9.1763 0.509724
8.20661 0.472798
5.28703 0.218558
315.26 310.583
4.25992 0.338045
5.28775 1.50422
4.46745 0.931089
3.85033 0.283115
3.30036 0.143225
3.32627 0.160548
3.09091 0.103234
3.48904 0.453378
3.52115 0.220591
3.5584 0.26841
6.13883 3.017
4.18591 0.590985
3.25748 0.188141
3.62145 0.198954
3.57102 0.299884
3.18158 0.175727
