NaN NaN
NaN NaN
NaN NaN
NaN NaN
NaN NaN
NaN NaN
NaN NaN
NaN NaN
NaN NaN
NaN NaN
NaN NaN
NaN NaN
NaN NaN
NaN NaN
412.816 583.781
445.425 629.894
475.305 475.258
502.929 410.578
528.691 373.766
693.045 138.9
794.386 102.757
864.612 85.3833
910.544 66.7803
939.28 60.8128
958.897 55.7105
966.23 49.7908
964.238 47.3304
962.648 42.7089
857.268 25.8585
756.379 18.6349
677.806 14.6963
615.5 12.0655
546.474 10.0373
431.581 7.43875
371.809 6.07975
330.891 5.24787
300.657 4.59578
171.717 2.06713
125.287 1.32158
100.312 0.991893
83.5438 0.762713
72.2131 0.634241
64.2719 0.535791
59.0195 1.15716
52.5239 0.41661
48.4878 0.381335
28.5357 0.220995
20.6651 0.173002
16.7099 0.16784
19.7146 5.5352
19.0625 6.60604
18.6137 7.63854
10.276 0.171118
9.23566 0.150042
8.74091 0.148465
5.55197 0.13845
36.304 31.0591
45.5351 41.1715
4.36598 0.225933
3.95402 0.181604
4.00136 0.271251
3.69209 0.139231
3.81683 0.234447
3.82252 0.229867
3.88976 0.320472
3.562 0.172299
3.42556 0.109304
508.581 502.928
4.02247 0.348884
5.40097 1.5314
4.83247 1.23245
4.71769 0.761243
3.87483 0.230124
