NaN NaN
NaN NaN
NaN NaN
NaN NaN
NaN NaN
NaN NaN
NaN NaN
NaN NaN
NaN NaN
NaN NaN
NaN NaN
NaN NaN
NaN NaN
NaN NaN
412.816 583.781
445.425 629.894
475.305 475.258
502.929 410.578
528.691 373.766
688.503 136.676
794.386 102.757
864.915 85.1978
910.518 66.5865
939.28 60.8128
958.897 55.7105
966.444 49.6877
964.177 47.294
962.591 42.6302
857.305 25.8334
756.379 18.6349
677.803 14.6927
615.511 12.0615
563.994 10.3461
520.473 8.96283
484.357 7.91091
453.518 7.18466
426.741 6.51004
276.468 3.31488
209.557 2.19205
170.748 1.66878
117.614 1.05524
88.3418 0.756532
73.7869 0.596512
64.2579 0.517606
57.1567 0.433546
51.576 0.377975
28.961 0.204257
21.234 0.223751
17.049 0.273772
14.3197 0.196191
13.0341 0.384369
11.8536 0.4426
10.7494 0.411018
9.98963 0.460563
9.77794 0.620124
8.65723 1.39686
11.1659 2.53537
11.3771 3.06824
9.37991 2.9668
16.4131 5.02232
18.2643 5.84394
23.0045 7.20223
16.1821 6.10878
34.4742 10.1637
24.0427 11.6597
54.4696 22.5319
30.9081 18.9462
138.335 47.4107
44.4172 28.3866
191.974 66.2816
111.316 53.461
275.242 90.2004
137.673 66.7882
