NaN NaN
NaN NaN
NaN NaN
NaN NaN
NaN NaN
NaN NaN
NaN NaN
NaN NaN
NaN NaN
NaN NaN
NaN NaN
NaN NaN
NaN NaN
NaN NaN
167.543 236.929
222.499 314.645
116.901 121.686
103.574 90.5976
135.204 96.4272
225.846 44.61
244.228 31.8438
295.894 29.3576
330.142 24.2897
361.16 23.5104
388.358 22.6757
403.027 20.8071
417.518 20.558
435.165 19.3393
497.666 15.0199
495.63 12.2219
476.533 10.3358
453.962 8.8993
431.943 7.92601
410.437 7.06993
391.115 6.38923
373.283 5.91454
356.801 5.44378
251.444 3.01549
197.058 2.06224
163.442 1.59883
113.659 1.02044
87.2964 0.751467
73.4139 0.601283
63.9814 0.522583
57.4569 0.459249
51.6555 0.396053
29.342 0.276591
22.1965 0.40319
18.6619 0.566287
17.0521 0.73666
13.8925 0.582853
15.3935 1.04716
13.0422 0.913664
11.9211 0.917679
14.0448 1.38395
14.2191 2.41916
11.1808 2.53504
12.7464 3.36133
11.0844 3.4258
22.5606 6.15142
32.5836 8.26433
22.9943 7.20238
25.3425 8.08091
34.4724 10.1652
30.7742 13.4634
84.7029 28.4984
57.7002 26.7925
138.339 47.4149
84.5602 40.1417
215.429 70.305
191.526 70.7151
335.424 99.7193
171.072 74.6708
