NaN NaN
NaN NaN
NaN NaN
NaN NaN
NaN NaN
NaN NaN
NaN NaN
NaN NaN
NaN NaN
NaN NaN
NaN NaN
NaN NaN
NaN NaN
NaN NaN
412.816 583.781
445.425 629.894
475.305 475.258
502.929 410.578
528.691 373.766
693.045 138.9
794.386 102.757
864.915 85.1978
910.716 66.6968
939.28 60.8128
958.897 55.7105
966.302 49.7564
964.238 47.3304
962.673 42.6591
857.293 25.8417
756.379 18.6349
677.806 14.6963
615.511 12.0615
563.983 10.3562
520.471 8.96464
484.357 7.91577
453.505 7.18633
426.741 6.51266
276.463 3.31523
154.007 1.61198
111.183 1.08785
90.0257 0.809473
76.5348 0.6609
66.8098 0.546788
59.8772 0.499966
53.867 0.43426
49.2952 0.363569
28.769 0.291577
21.744 0.598776
16.6381 0.0962027
14.6644 0.557702
13.7188 0.93534
11.8518 0.765645
11.944 1.228
10.3228 0.975602
10.8651 1.51865
5.83915 0.0549314
20.5022 6.94434
12.6773 5.82265
4.28423 0.0744298
16.4055 8.69951
11.2356 7.15856
3.82932 0.0646357
22.22 12.9583
34.5736 17.6046
3.86127 0.115483
64.3514 42.7513
3.90912 0.114126
54.8745 50.2949
64.4283 60.2187
144.639 99.4278
84.2435 80.1906
94.2049 90.2059
104.401 100.188
