NaN NaN
NaN NaN
NaN NaN
NaN NaN
NaN NaN
NaN NaN
NaN NaN
NaN NaN
NaN NaN
NaN NaN
NaN NaN
NaN NaN
NaN NaN
NaN NaN
167.543 236.929
222.499 314.645
116.901 121.686
103.574 90.5976
135.204 96.4272
225.846 45.0562
244.228 31.8438
295.672 29.4098
329.867 24.3392
361.16 23.5104
388.358 22.6757
402.825 20.8444
417.588 20.5759
435.312 19.3819
497.609 15.0334
495.63 12.2219
476.54 10.3384
487.441 9.55636
410.689 7.54471
358.312 6.17977
322.041 5.26697
294.223 4.66725
271.49 4.15035
165.037 1.98733
123.512 1.44747
99.3501 1.13917
82.5819 0.754083
71.6049 0.630192
63.7689 0.531744
57.573 0.4811
54.5146 1.67645
48.2287 0.379437
28.4407 0.219603
20.6145 0.172715
21.2016 4.5296
19.6849 5.53515
12.4321 0.154339
18.5914 7.63835
18.8776 8.68256
9.22904 0.150312
19.4574 10.7386
47.5276 29.6477
36.1092 31.0606
45.5283 41.1734
4.35613 0.225891
3.87755 0.14759
3.99341 0.271226
3.68389 0.139191
3.80464 0.2344
3.81526 0.229846
3.88192 0.320451
3.5536 0.172261
3.4182 0.10924
508.576 502.932
4.0155 0.348866
5.39339 1.5314
4.81972 1.23244
4.71077 0.761233
3.86331 0.230078
