NaN NaN
NaN NaN
NaN NaN
NaN NaN
NaN NaN
NaN NaN
NaN NaN
NaN NaN
NaN NaN
NaN NaN
NaN NaN
NaN NaN
NaN NaN
NaN NaN
412.816 583.781
445.425 629.894
475.305 475.258
502.929 410.578
528.691 373.766
693.045 138.9
794.386 102.757
864.612 85.3833
910.544 66.7803
939.28 60.8128
958.897 55.7105
966.23 49.7908
964.238 47.3304
981.367 43.5398
751.062 22.7026
591.953 14.6068
500.172 10.8722
434.945 8.55795
384.163 7.08872
344.965 5.98164
316.67 5.21832
291.658 4.66815
271.82 4.19744
166.382 2.06678
124.243 1.39483
100.218 1.09107
82.8438 0.865273
72.7166 0.779011
63.863 0.673672
58.8894 0.661409
51.9205 0.559443
48.2643 0.555385
28.4137 0.485856
20.9793 0.490477
16.8376 0.467912
69.5292 55.3431
12.6488 0.596044
88.1129 76.3816
9.8054 0.310223
9.18849 0.509727
8.47882 0.504027
6.22741 0.954076
4.6738 0.282205
4.2642 0.338046
5.29604 1.50422
4.47662 0.93109
3.85487 0.283113
3.30325 0.143194
3.34008 0.160727
3.09711 0.103247
3.53998 0.455603
3.52862 0.220596
3.5654 0.268409
6.14695 3.017
4.19617 0.590995
3.26586 0.188157
3.62695 0.198958
3.57492 0.299884
3.18758 0.175738
