NaN NaN
NaN NaN
NaN NaN
NaN NaN
NaN NaN
NaN NaN
NaN NaN
NaN NaN
NaN NaN
NaN NaN
NaN NaN
NaN NaN
NaN NaN
NaN NaN
412.816 583.781
445.425 629.894
475.305 475.258
502.929 410.578
528.691 334.29
688.503 136.676
794.386 102.757
864.915 85.1978
910.285 66.2847
939.006 60.5871
958.434 55.3708
966.514 49.6534
964.35 47.1367
962.543 42.527
857.303 25.7724
756.404 18.5956
677.809 14.6684
615.478 12.0419
563.99 10.3305
520.469 8.95161
484.344 7.89624
453.494 7.17537
426.732 6.50403
276.467 3.31078
209.541 2.1887
170.733 1.66665
145.196 1.29967
126.828 1.0834
112.972 0.908811
102.128 0.815294
93.2512 0.698436
67.8514 0.496808
30.279 0.188375
21.5516 0.141114
17.2979 0.158155
14.3524 0.115166
12.7766 0.16912
11.5767 0.191157
10.7234 0.231522
10.0833 0.292592
9.57464 0.303712
7.74424 0.627693
7.4268 0.87761
9.04851 1.36443
9.40288 1.62406
14.5907 2.53552
19.7504 3.35582
20.2948 3.65153
18.5888 3.66405
18.1462 3.80296
48.3111 9.47015
61.587 13.1747
68.5202 16.0735
74.792 18.8191
112.832 25.543
159.169 32.9769
141.196 33.0612
230.284 45.1079
134.457 36.1221
