NaN NaN
NaN NaN
NaN NaN
NaN NaN
NaN NaN
NaN NaN
NaN NaN
NaN NaN
NaN NaN
NaN NaN
NaN NaN
NaN NaN
NaN NaN
NaN NaN
167.543 236.929
222.499 314.645
116.901 121.686
103.574 90.5976
139.915 89.2432
225.846 41.1098
244.163 29.753
296.442 27.9653
330.927 23.2998
361.198 22.5483
387.944 21.3873
403.724 20.1161
417.834 19.7635
434.374 18.5953
497.856 14.6032
495.597 11.9021
476.57 10.114
453.99 8.7268
431.927 7.75731
410.437 6.94897
391.131 6.27728
373.275 5.8104
356.804 5.35596
251.442 2.96494
197.055 2.03053
163.437 1.57387
140.291 1.24087
123.475 1.03992
110.576 0.875067
100.286 0.791258
91.9536 0.679901
84.8721 0.614046
50.3735 0.300146
37.1872 0.198133
22.4488 0.12656
17.8091 0.111578
15.5225 0.119687
14.2967 0.135262
13.2267 0.14597
12.5646 0.161558
12.0311 0.174897
10.7739 0.312202
12.7309 0.484169
14.24 0.625099
17.0965 0.803538
20.3908 0.990256
29.3109 1.33017
24.2489 1.27557
28.2619 1.47961
27.5029 1.5372
50.2799 3.03887
65.7414 4.29397
82.8428 5.59262
101.634 6.95908
124.768 8.47016
132.162 9.43775
170.421 11.4707
180.402 12.5374
187.439 13.4717
