NaN NaN
NaN NaN
NaN NaN
NaN NaN
NaN NaN
NaN NaN
NaN NaN
NaN NaN
NaN NaN
NaN NaN
NaN NaN
NaN NaN
NaN NaN
NaN NaN
167.543 236.929
222.499 314.645
116.901 121.686
103.574 90.5976
139.915 89.2432
225.846 44.61
244.228 31.8438
295.894 29.3576
330.195 24.19
361.123 23.4283
388.632 22.5642
403.095 20.7947
417.691 20.4945
435.116 19.2913
497.664 14.9844
495.648 12.1962
476.541 10.3187
453.976 8.886
431.937 7.91405
410.43 7.061
391.101 6.37741
373.267 5.90712
356.796 5.43886
251.441 3.01175
197.044 2.05914
163.428 1.59682
140.289 1.25617
123.468 1.05571
110.567 0.890935
100.286 0.80161
91.7255 0.68896
67.2535 0.494417
30.8676 0.224547
22.3393 0.217298
18.683 0.294164
16.4028 0.352915
14.1943 0.3484
13.6151 0.436139
12.4352 0.448632
12.0102 0.521903
12.8781 0.666923
12.5693 1.18314
11.7795 1.45468
11.1024 1.64561
14.5379 2.29664
18.2837 2.94952
30.5136 4.35256
23.5572 3.99952
25.0071 4.39313
26.2822 4.76645
56.4063 10.2958
70.674 14.1784
80.5947 17.5169
84.8613 20.119
142.982 28.8728
159.185 32.9807
197.403 39.276
266.455 48.5816
164.541 40.0721
