NaN NaN
NaN NaN
NaN NaN
NaN NaN
NaN NaN
NaN NaN
NaN NaN
NaN NaN
NaN NaN
NaN NaN
NaN NaN
NaN NaN
NaN NaN
NaN NaN
167.543 236.929
222.499 314.645
116.901 121.686
103.574 90.5976
135.204 96.4272
225.846 45.0562
244.228 31.8438
295.894 29.3576
330.005 24.3144
361.16 23.5104
388.358 22.6757
402.892 20.8319
417.588 20.5759
435.244 19.3543
497.647 15.0244
495.63 12.2219
476.54 10.3384
453.962 8.8993
431.932 7.93384
410.434 7.07134
391.115 6.39313
373.279 5.91611
356.8 5.44596
251.441 3.01583
147.711 1.54784
109.432 1.08075
88.8424 0.801356
76.006 0.674069
66.8642 0.591057
59.6377 0.516917
54.3232 0.523253
49.1478 0.382031
28.6968 0.291584
21.3606 0.493445
17.5144 0.645546
16.8436 1.23717
14.3546 1.1444
13.3536 1.32293
12.7881 1.5035
12.2547 1.68775
14.0514 2.40007
16.2836 4.68705
11.1783 4.39221
16.7831 7.13121
19.6927 8.90041
28.6954 12.3029
25.5456 12.3982
28.3248 14.1456
22.2118 12.9593
54.9107 22.7277
3.86796 0.117454
64.3443 42.7522
3.90061 0.114117
54.8673 50.295
64.4206 60.2189
144.634 99.4301
164.436 113.403
94.1964 90.2067
104.394 100.189
