NaN NaN
NaN NaN
NaN NaN
NaN NaN
NaN NaN
NaN NaN
NaN NaN
NaN NaN
NaN NaN
NaN NaN
511.82 1.55654
617.695 1.63135
700.439 1.80104
767.099 1.87147
764.665 2.26405
825.069 2.21308
867.847 2.32738
902.318 2.37797
928.169 2.37393
987.594 1.80762
926.673 1.55336
871.377 1.22732
819.786 1.05899
773.617 0.988211
732.301 0.960486
696.087 0.857643
664.084 0.713448
634.43 0.689886
443.752 0.430642
347.687 0.305694
288.938 0.214175
248.738 0.200321
219.406 0.139873
196.897 0.16561
179.005 0.132279
164.412 0.109688
152.292 0.0752534
90.4894 0.0534973
45.8417 0.0463253
33.2286 0.0360262
26.765 0.0311629
22.8611 0.0257822
20.0514 0.0253762
17.9925 0.0254337
16.2596 0.0244449
15.0163 0.0247862
9.1623 0.0261524
7.10124 0.0278543
6.10215 0.0294207
5.52777 0.0307162
5.05094 0.0311119
4.79357 0.0323403
4.62549 0.0365227
4.41727 0.0365892
4.34084 0.0396775
3.87377 0.0503376
3.7841 0.0502317
3.95722 0.0821072
3.94391 0.0807108
3.88923 0.106081
3.96618 0.122876
4.06908 0.167922
4.3897 0.179733
3.96655 0.100467
4.92169 0.348272
4.59109 0.22209
4.79089 0.491075
5.23955 0.544463
4.43727 0.149325
4.57836 0.210283
4.43494 0.192742
5.08292 0.629255
6.91351 2.27233
