NaN NaN
NaN NaN
NaN NaN
NaN NaN
NaN NaN
NaN NaN
NaN NaN
NaN NaN
NaN NaN
NaN NaN
511.82 1.5287
617.695 1.60867
700.439 1.77765
767.099 1.83447
764.639 2.24744
825.031 2.17717
867.806 2.29984
902.348 2.36342
928.183 2.35083
987.6 1.80206
926.686 1.53625
871.384 1.21466
819.788 1.05252
773.619 0.982042
732.299 0.949068
696.086 0.840267
664.083 0.700832
634.431 0.68396
443.753 0.421313
347.687 0.305694
288.938 0.214175
248.738 0.190771
219.406 0.136374
196.897 0.163236
179.005 0.12476
164.412 0.107185
152.292 0.0752534
90.4892 0.0536264
66.0525 0.0439324
52.9463 0.0339645
44.5247 0.0208125
38.6678 0.020746
34.3246 0.0183807
30.9715 0.0188215
28.2777 0.0133887
26.0898 0.0122214
11.6921 0.00920781
7.71037 0.00716216
6.32439 0.00572455
5.62131 0.00565505
5.15543 0.00564063
4.83739 0.00579341
4.62512 0.00604587
4.4528 0.00613117
4.33731 0.00680419
3.91142 0.00905355
3.8837 0.0118597
3.95537 0.0156478
3.98637 0.021162
4.00134 0.018471
4.04238 0.0206987
4.14143 0.0266803
4.1624 0.027129
4.19063 0.0315585
4.45671 0.0550331
4.77235 0.0767486
4.78271 0.139961
5.20785 0.172747
4.8458 0.0978812
5.08667 0.221697
5.03319 0.145364
5.38593 0.323867
5.20295 0.218104
