NaN NaN
NaN NaN
NaN NaN
NaN NaN
NaN NaN
NaN NaN
NaN NaN
NaN NaN
NaN NaN
NaN NaN
511.82 1.55654
617.695 1.63135
700.439 1.80104
767.099 1.86479
764.665 2.26405
825.069 2.21308
867.847 2.32738
902.318 2.37797
928.146 2.37009
987.594 1.80762
926.673 1.55336
871.38 1.221
819.786 1.05899
773.619 0.982042
732.301 0.960486
696.087 0.857643
664.084 0.713448
634.43 0.689886
443.752 0.430642
347.687 0.305694
288.938 0.214175
248.738 0.200321
219.406 0.139873
196.897 0.16561
179.005 0.12982
164.412 0.109688
152.292 0.0752534
90.4892 0.0536264
66.0525 0.0439324
52.9463 0.0339645
36.4037 0.0341637
26.6389 0.0257335
22.1987 0.0225565
19.3611 0.0210175
17.304 0.0205207
15.6918 0.0147099
9.2209 0.014602
7.11692 0.0191269
6.10798 0.0160877
5.5304 0.0175053
5.07256 0.0178725
4.77975 0.0174418
4.61405 0.0193256
4.38133 0.0186947
4.31942 0.0205138
3.85999 0.0262728
3.87638 0.0362848
3.95301 0.0453717
3.96411 0.0541071
3.92444 0.0560571
4.04582 0.0651777
4.08703 0.0798005
4.24112 0.0875949
4.07921 0.0744976
4.45604 0.145586
5.10618 0.310509
4.74788 0.255673
4.68588 0.197425
4.83441 0.365759
4.3793 0.0921109
4.72978 0.172074
5.89006 0.77039
5.47454 0.711206
