NaN NaN
NaN NaN
NaN NaN
NaN NaN
NaN NaN
NaN NaN
NaN NaN
NaN NaN
NaN NaN
NaN NaN
511.82 1.55654
617.695 1.63135
700.439 1.80394
767.099 1.87147
764.665 2.26405
825.069 2.21308
867.847 2.32738
902.318 2.37797
928.169 2.37393
987.594 1.80762
926.673 1.55336
871.374 1.2336
819.786 1.05899
773.62 0.994348
732.301 0.960486
696.087 0.857643
664.084 0.713448
634.43 0.689886
443.752 0.430642
347.687 0.305694
220.72 0.22162
170.194 0.194994
142.615 0.201222
123.8 0.181285
110.057 0.152701
99.5748 0.169527
91.1053 0.196301
51.6505 0.129188
37.8594 0.128517
30.0401 0.127253
24.9695 0.123919
21.783 0.123541
19.3477 0.12474
17.6019 0.129152
15.7878 0.117239
14.8766 0.130651
9.11253 0.145573
7.16776 0.149053
6.44324 0.202076
5.39977 0.152556
4.94851 0.161751
4.95626 0.224198
4.38505 0.115426
4.42169 0.278553
4.29929 0.181575
3.6455 0.242495
3.96606 0.300751
4.71361 0.970226
4.10674 0.496955
3.67038 0.295527
6.69664 2.99959
3.87766 0.264116
7.30528 2.81956
5.45208 2.03767
3.76752 0.214854
3.66029 0.160767
3.65564 0.137351
3.94872 0.311979
4.04245 0.25453
7.58058 3.37249
3.7282 0.208804
3.67497 0.110911
4.06168 0.333272
