NaN NaN
NaN NaN
NaN NaN
NaN NaN
NaN NaN
NaN NaN
NaN NaN
NaN NaN
NaN NaN
NaN NaN
511.82 1.55654
617.695 1.63135
700.439 1.80394
767.099 1.87147
764.665 2.26405
825.069 2.21308
867.847 2.32738
902.318 2.37797
928.169 2.37393
987.594 1.80762
926.673 1.55336
871.374 1.2336
819.786 1.05899
773.622 0.994325
732.347 0.960078
671.601 0.912054
581.623 0.75564
525.156 0.750139
297.164 0.619525
220.574 0.661045
177.262 0.429788
149.565 0.430403
129.879 0.401471
115.872 0.405059
102.834 0.391568
93.153 0.384981
88.0086 0.391718
51.486 0.392988
37.8288 0.391468
30.1464 0.399935
25.1073 0.412058
21.6096 0.390604
18.8286 0.338436
17.9327 0.479612
16.1414 0.446225
15.02 0.40732
8.74395 0.49552
7.5144 0.541794
7.13562 0.764689
5.73304 0.426711
5.46493 0.528647
4.55205 0.326268
4.99248 0.516177
4.90007 0.853558
4.33913 0.328001
3.72921 0.611745
3.15402 0.211101
3.66976 0.327379
3.47175 0.280025
4.52659 1.05958
33.3743 29.9386
4.33092 1.46506
3.4441 0.279211
2.83451 0.0740657
4.28668 0.72634
3.63364 0.219466
3.20074 0.123533
3.50361 0.315107
4.01772 0.366499
3.25504 0.240438
3.56262 0.39644
3.57644 0.290553
4.18376 0.678743
