NaN NaN
NaN NaN
NaN NaN
NaN NaN
NaN NaN
NaN NaN
NaN NaN
NaN NaN
NaN NaN
NaN NaN
511.82 1.55654
617.695 1.63135
700.439 1.80394
767.099 1.87147
764.665 2.26405
825.069 2.21308
867.847 2.32738
902.318 2.37797
928.169 2.37393
987.594 1.80762
926.673 1.55336
871.374 1.2336
819.786 1.05899
773.617 0.988211
732.301 0.960486
696.087 0.857643
664.084 0.713448
634.43 0.689886
443.752 0.430642
347.687 0.305694
288.938 0.214175
248.738 0.200321
219.406 0.139873
196.897 0.16561
179.005 0.132279
164.412 0.109688
152.292 0.0752534
58.0007 0.0572301
39.3896 0.0622484
30.9062 0.0534722
25.4031 0.0527038
22.1739 0.0418562
19.5469 0.0407468
17.575 0.0421799
15.86 0.0408463
14.8948 0.0428917
9.1564 0.0464052
7.12303 0.048699
6.16587 0.0546918
5.54927 0.0549504
5.0069 0.0498485
4.87163 0.0602002
4.6669 0.0647198
4.43248 0.067286
4.28846 0.0628995
3.9094 0.100438
3.89061 0.108853
3.97364 0.152904
3.96757 0.120907
4.10734 0.276588
4.23345 0.327904
3.83558 0.13982
4.39544 0.312666
3.99359 0.224873
4.55925 0.392543
4.51374 0.393704
5.24423 1.37193
6.31628 1.51191
4.46888 0.233465
4.97029 0.450711
4.51524 0.347373
3.93732 0.0925018
4.11985 0.16986
