NaN NaN
NaN NaN
NaN NaN
NaN NaN
NaN NaN
NaN NaN
NaN NaN
NaN NaN
NaN NaN
NaN NaN
358.189 1.95248
309.301 1.20578
257.55 0.852404
249.086 0.595674
277.372 0.647191
302.522 0.606492
324.963 0.677976
345.082 0.728536
363.204 0.748621
434.107 1.00797
485.883 0.990761
505.32 0.861908
510.832 0.780823
498.072 0.721107
490.272 0.703722
481.311 0.64
471.826 0.550349
461.027 0.539105
367.249 0.359625
304.821 0.272139
261.734 0.19619
230.025 0.177404
205.774 0.128565
186.531 0.154951
170.876 0.119349
157.869 0.103106
146.911 0.0727832
89.0521 0.0528034
65.3934 0.043491
52.5607 0.033711
44.2678 0.0206861
38.4809 0.0206396
34.1803 0.018297
30.855 0.0187453
28.1809 0.0133385
26.0074 0.0121751
11.6591 0.00918147
7.69329 0.00715292
6.31078 0.0057189
5.60899 0.00565067
5.14397 0.00563784
4.82657 0.00579133
4.61454 0.00604112
4.44266 0.00612939
4.32754 0.00680342
3.90249 0.00905164
3.87531 0.0118682
3.94658 0.015644
3.97795 0.0211616
3.99254 0.018468
4.03399 0.0206979
4.1331 0.02668
4.15504 0.0271409
4.18263 0.0315601
4.4491 0.0550419
4.76394 0.0767486
4.77598 0.139964
5.19919 0.172746
4.83729 0.0978809
5.07858 0.221697
5.02512 0.145364
5.37779 0.323867
5.19455 0.218104
