NaN NaN
NaN NaN
NaN NaN
NaN NaN
NaN NaN
NaN NaN
NaN NaN
NaN NaN
NaN NaN
NaN NaN
358.282 1.9644
309.299 1.21366
257.561 0.859194
249.086 0.607688
277.372 0.654678
302.522 0.623544
324.963 0.690873
345.082 0.73534
363.204 0.759574
434.101 1.00991
485.895 0.998129
505.311 0.867942
510.84 0.784212
498.069 0.724599
490.274 0.710642
481.314 0.650951
471.829 0.558491
461.025 0.543081
367.248 0.367117
304.821 0.272139
261.734 0.19619
230.025 0.186189
205.774 0.13183
186.531 0.157196
170.876 0.126512
157.869 0.105506
146.911 0.0727832
89.0523 0.0526684
45.554 0.0461258
33.1062 0.0356459
26.6898 0.0311329
22.8055 0.0257464
20.0067 0.0253446
17.9544 0.0254021
16.2264 0.0244183
14.9866 0.024761
9.14467 0.0261277
7.08688 0.0278351
6.08965 0.0294037
5.51592 0.0307022
5.03936 0.0310969
4.78303 0.0323263
4.61474 0.0364523
4.40726 0.0365789
4.33039 0.0396648
3.86539 0.0503323
3.77563 0.0502251
3.94872 0.0821039
3.9355 0.0807073
3.8807 0.106079
3.95535 0.122806
4.06077 0.167921
4.38134 0.179731
3.95653 0.100406
4.91323 0.348272
4.58266 0.222089
4.80115 0.491462
5.229 0.544449
4.42809 0.149322
4.57015 0.210282
4.42672 0.192741
5.07462 0.629255
6.90434 2.27233
