NaN NaN
NaN NaN
NaN NaN
NaN NaN
NaN NaN
NaN NaN
NaN NaN
NaN NaN
NaN NaN
NaN NaN
358.282 1.9644
309.299 1.21366
257.558 0.860037
249.086 0.607688
277.372 0.654678
302.522 0.623544
324.963 0.690873
345.082 0.73534
363.204 0.759574
434.101 1.00991
485.895 0.998129
505.306 0.870943
510.84 0.784212
498.069 0.724599
490.274 0.710642
481.314 0.650951
471.829 0.558491
461.025 0.543081
367.248 0.367117
304.821 0.272139
261.734 0.19619
230.025 0.186189
205.774 0.13183
186.531 0.157196
170.876 0.126512
157.869 0.105506
146.911 0.0727832
57.573 0.0570419
39.2301 0.0622261
30.8121 0.0532292
25.3387 0.0525985
22.1228 0.0418044
19.5043 0.0406939
17.5389 0.0421356
15.8272 0.0407932
14.866 0.0428493
9.13886 0.0463631
7.10888 0.0486674
6.15072 0.054642
5.53776 0.0549263
4.99544 0.0498249
4.86022 0.0601756
4.65246 0.0643666
4.42242 0.0672703
4.27877 0.0628791
3.89935 0.100423
3.8826 0.108844
3.9653 0.152899
3.96065 0.120912
4.09939 0.276585
4.21716 0.32767
3.82773 0.139814
4.38716 0.312664
3.98094 0.224691
4.55115 0.39254
4.50469 0.393702
5.2916 1.37321
6.3008 1.51186
4.4598 0.23346
4.96234 0.450709
4.5033 0.347351
3.92895 0.0924918
4.11152 0.169855
