NaN NaN
NaN NaN
NaN NaN
NaN NaN
NaN NaN
NaN NaN
NaN NaN
NaN NaN
NaN NaN
NaN NaN
358.282 1.9644
309.299 1.21366
257.561 0.859194
249.086 0.60552
277.372 0.654678
302.522 0.623544
324.963 0.690873
345.082 0.73534
363.204 0.757759
434.101 1.00991
485.895 0.998129
505.315 0.86493
510.84 0.784212
498.072 0.721107
490.274 0.710642
481.314 0.650951
471.829 0.558491
461.025 0.543081
367.248 0.367117
304.821 0.272139
261.734 0.19619
230.025 0.186189
205.774 0.13183
186.531 0.157196
170.876 0.124169
157.869 0.105506
146.911 0.0727832
89.0521 0.0528034
65.3934 0.043491
52.5607 0.033711
36.1337 0.0335782
26.5483 0.0256914
22.1393 0.0225153
19.3151 0.0209995
17.2659 0.0204996
15.6588 0.014688
9.20289 0.0145868
7.10235 0.0191096
6.09526 0.0160784
5.51862 0.0174973
5.06152 0.0178661
4.76913 0.0174349
4.60357 0.01931
4.37141 0.0186912
4.30949 0.0205012
3.85092 0.0262602
3.86788 0.0362847
3.94344 0.0453398
3.95571 0.0541062
3.91504 0.0560414
4.03669 0.0651644
4.07878 0.0798009
4.2412 0.0879971
4.07029 0.0744901
4.45416 0.145715
5.09741 0.310507
4.75256 0.255875
4.6775 0.197425
4.82653 0.36576
4.3706 0.0921079
4.72353 0.172105
5.88288 0.770391
5.46598 0.711206
