NaN NaN
NaN NaN
NaN NaN
NaN NaN
NaN NaN
NaN NaN
NaN NaN
NaN NaN
NaN NaN
NaN NaN
358.282 1.9644
309.299 1.21366
257.558 0.860037
249.086 0.607688
277.372 0.654678
302.522 0.623544
324.963 0.690873
345.082 0.73534
363.204 0.759574
434.101 1.00991
485.895 0.998129
505.306 0.870943
510.84 0.784212
498.073 0.728082
490.274 0.710642
481.314 0.650951
471.829 0.558491
461.025 0.543081
367.248 0.367117
304.864 0.271834
205.172 0.21597
163.14 0.191409
138.419 0.198925
121.049 0.179267
108.116 0.150851
98.0967 0.168915
89.9524 0.19659
51.3767 0.128933
37.7307 0.128437
29.9554 0.127075
24.9078 0.123785
21.7325 0.123406
19.3072 0.124608
17.5642 0.129025
15.7558 0.117116
14.8484 0.13052
9.09629 0.145455
7.15355 0.148944
6.42889 0.202004
5.38718 0.152499
4.93709 0.161688
4.94544 0.224156
4.3748 0.115359
4.41287 0.278529
4.28422 0.181435
3.63751 0.242473
3.95866 0.300728
4.70611 0.970222
4.09906 0.496942
3.66378 0.295509
6.61106 2.99702
3.86923 0.264098
7.29329 2.81956
5.44444 2.03767
3.75987 0.214819
3.65308 0.160728
4.19929 0.610824
3.91237 0.310575
4.03413 0.254501
7.56415 3.37248
3.72093 0.208772
3.66679 0.110844
4.05425 0.333251
