NaN NaN
NaN NaN
NaN NaN
NaN NaN
NaN NaN
NaN NaN
NaN NaN
NaN NaN
NaN NaN
NaN NaN
358.282 1.9644
309.299 1.21366
257.558 0.860037
249.086 0.607688
277.372 0.654678
302.522 0.623544
324.963 0.690873
345.082 0.73534
363.204 0.759574
434.101 1.00991
485.895 0.998129
505.28 0.870974
510.823 0.784176
563.691 0.747039
540.664 0.819805
490.84 0.759165
453.011 0.681994
421.939 0.715931
270.648 0.59298
208.563 0.660982
170.349 0.420091
145.182 0.423626
127.12 0.396991
113.866 0.401127
101.224 0.388356
91.9423 0.381316
87.0059 0.38976
51.2117 0.392073
37.6884 0.390702
30.0732 0.399506
25.0504 0.41176
21.555 0.390185
18.7828 0.33809
17.9002 0.479329
16.1115 0.446019
14.9961 0.407073
8.73175 0.495521
7.49295 0.541765
7.12612 0.76469
5.72871 0.426722
5.4583 0.528648
4.54423 0.326259
4.98773 0.516187
4.89206 0.853559
4.32041 0.327868
3.72302 0.611745
3.14266 0.211066
3.66378 0.327378
3.45957 0.279983
4.5202 1.05959
33.3708 29.9386
4.32418 1.46506
3.38913 0.27493
2.82747 0.074047
4.28043 0.726339
3.62165 0.219414
3.19583 0.123529
3.49765 0.315101
4.00837 0.366353
3.24529 0.240416
3.55839 0.396438
3.5704 0.290553
4.18075 0.678747
