NaN NaN
NaN NaN
NaN NaN
NaN NaN
NaN NaN
NaN NaN
NaN NaN
NaN NaN
NaN NaN
NaN NaN
511.637 60.7648
543.497 43.1165
620.345 40.8932
684.219 37.4443
738.302 34.235
728.929 31.6759
783.357 30.7533
820.893 29.9614
854.5 29.5636
977.841 24.1102
957.173 19.5131
923.123 16.4428
881.577 14.6948
842.575 13.1509
804.666 11.8196
771.187 10.8189
738.724 9.78024
711.22 9.15346
517.448 5.37774
411.994 3.81921
293.786 2.51581
216.329 1.74224
179.456 1.38014
155.008 1.13908
137.513 0.958196
124.396 0.863516
113.675 0.768917
64.8826 0.381316
45.9932 0.259412
37.4815 0.214326
30.9304 0.179097
27.1259 0.169848
23.9549 0.158629
21.8605 0.160574
19.6035 0.139939
18.411 0.151039
11.2938 0.164454
11.6296 3.10035
7.33306 0.192447
11.4955 5.13731
11.7636 6.13993
12.5863 7.14943
5.0564 0.14861
14.0328 9.164
4.70252 0.198151
3.95687 0.334041
34.828 30.2492
3.69121 0.268383
3.6901 0.182175
3.48591 0.149057
3.63263 0.177548
3.6841 0.249109
3.72559 0.284874
5.00455 1.24004
6.08414 2.18298
4.02662 0.216218
3.81833 0.355226
504.405 500.361
4.11402 0.352078
5.57181 1.61237
5.04445 1.27696
11.7242 7.06727
3.95901 0.230624
