NaN NaN
NaN NaN
NaN NaN
NaN NaN
NaN NaN
NaN NaN
NaN NaN
NaN NaN
NaN NaN
NaN NaN
511.637 60.7648
543.497 43.1165
620.345 40.8932
684.219 37.4443
738.302 34.235
728.929 31.6759
783.357 30.7533
820.893 29.9614
854.5 29.5636
977.841 24.1102
957.173 19.5131
923.123 16.4428
881.577 14.6948
842.569 13.1534
804.666 11.8196
775.235 10.8747
702.752 9.32137
627.915 8.10111
359.827 3.80389
267.266 2.5337
216.875 1.91511
184.373 1.55196
159.644 1.29642
142.458 1.12745
128.018 0.981926
116.531 0.899904
109.453 0.841221
64.8657 0.555676
46.4573 0.480085
38.2814 0.46832
30.8758 0.410337
26.9904 0.438353
23.9589 0.435165
21.5766 0.409682
19.8843 0.420582
17.8195 0.432161
12.4405 0.664682
8.35268 0.483219
7.18329 0.651796
57.3393 51.3525
66.2155 61.3864
76.2957 71.4754
5.67903 0.614763
5.8509 0.846834
3.88598 0.121068
5.63603 2.56025
3.26806 0.183462
3.62811 0.341406
3.00483 0.130118
4.21362 1.02399
3.53913 0.274718
3.07811 0.118112
3.08803 0.145718
2.95803 0.0882792
3.57314 0.451448
5.02634 1.05012
3.57557 0.263504
6.29042 3.05865
4.26811 0.589444
3.34548 0.188727
3.7971 0.226131
3.6158 0.299249
3.24219 0.175579
