NaN NaN
NaN NaN
NaN NaN
NaN NaN
NaN NaN
NaN NaN
NaN NaN
NaN NaN
NaN NaN
NaN NaN
511.637 60.7648
543.497 43.0444
620.345 40.7963
684.219 37.4443
738.302 34.2131
728.997 31.6607
783.473 30.7278
820.893 29.9614
854.5 29.5636
977.841 24.1102
957.173 19.5131
923.113 16.4391
881.577 14.6948
842.574 13.1429
804.659 11.8172
771.187 10.8189
738.727 9.77832
711.218 9.1516
517.45 5.3754
411.994 3.81921
345.711 2.95471
299.684 2.40071
265.591 2.01753
239.156 1.73651
218.058 1.50091
200.776 1.36362
186.324 1.22331
75.4096 0.416753
49.3675 0.248804
38.6178 0.184209
31.9618 0.13799
27.427 0.1167
24.1818 0.102137
21.9499 0.0963585
19.931 0.122945
18.3793 0.0760606
11.2287 0.214992
9.01466 0.439854
7.07097 0.0528531
6.80148 0.515648
8.13849 1.22772
7.59929 1.23861
7.59109 1.41427
8.49765 1.83231
8.74644 2.0335
12.094 4.04525
16.088 6.04989
19.9482 8.04321
8.88344 5.02232
21.9522 10.436
17.9607 9.9393
27.839 13.9045
22.0883 12.7676
54.4475 22.4309
4.36915 0.309101
65.1503 42.471
4.09007 0.133989
54.6374 50.0381
64.3683 60.0441
144.247 99.0717
164.137 113.142
94.7708 90.0198
104.358 100.029
