NaN NaN
NaN NaN
NaN NaN
NaN NaN
NaN NaN
NaN NaN
NaN NaN
NaN NaN
NaN NaN
NaN NaN
511.637 60.7648
543.497 43.0444
620.345 40.7963
684.219 37.4124
738.302 34.2131
729.064 31.6455
783.253 30.7047
820.893 29.9614
854.5 29.5636
977.778 24.1022
957.084 19.4981
923.101 16.4354
881.585 14.6919
842.586 13.1378
804.659 11.8124
771.187 10.8189
738.731 9.77052
711.218 9.14975
517.449 5.3742
411.995 3.81831
345.711 2.9532
299.684 2.40071
265.591 2.01695
239.155 1.73539
218.058 1.50091
200.772 1.36281
186.322 1.22288
112.043 0.614011
62.9438 0.310145
42.3458 0.193352
34.0283 0.14269
28.6759 0.116448
24.9399 0.0991368
22.431 0.0964249
20.3294 0.0801702
18.6502 0.0689237
11.2923 0.125815
8.91292 0.231487
7.48702 0.238717
6.60695 0.243443
6.94773 0.500939
6.32943 0.476712
7.28707 0.768944
7.56925 0.915428
8.08833 1.07087
9.38064 1.9063
8.96732 2.25462
14.687 3.79165
10.606 3.34783
20.0079 5.6809
17.8465 5.73809
27.9828 8.02802
22.3259 7.37225
40.8783 11.0909
37.7393 14.9221
74.7266 26.4814
57.6594 26.6851
137.889 47.1727
84.3968 40.0249
214.818 70.0511
191.231 70.5558
335.151 99.5091
170.904 74.5509
