NaN NaN
NaN NaN
NaN NaN
NaN NaN
NaN NaN
NaN NaN
NaN NaN
NaN NaN
NaN NaN
NaN NaN
512.608 58.0172
543.497 40.7836
620.345 38.9003
684.219 35.7668
738.302 33.1603
728.316 30.4865
784.668 29.9236
822.061 29.0855
855.143 28.7332
978.369 23.5019
957.3 18.9996
922.596 16.0628
881.475 14.4281
842.549 12.834
804.612 11.5802
771.197 10.6325
738.724 9.58556
711.25 8.96886
517.448 5.27305
411.999 3.75849
345.716 2.9133
299.684 2.36154
265.589 1.98614
239.155 1.70437
218.058 1.47711
200.772 1.34617
186.325 1.20987
112.043 0.606195
81.9825 0.395432
65.5855 0.29138
55.2894 0.225557
47.975 0.189161
42.5574 0.162855
38.3936 0.149993
35.0434 0.119635
32.3119 0.109454
17.1663 0.0533779
9.62478 0.0325369
7.9042 0.0407372
7.1452 0.0563376
6.9309 0.0764981
7.13192 0.104405
7.31285 0.127695
7.50495 0.148863
8.10877 0.178858
10.8332 0.363367
11.6995 0.478432
12.6829 0.587098
13.7198 0.694295
17.6065 0.897758
22.2904 1.1226
22.4138 1.20403
25.686 1.38336
27.4775 1.51978
50.0937 3.00516
65.1554 4.2423
82.2171 5.54095
100.586 6.88633
123.114 8.38138
130.241 9.32512
169.655 11.4164
179.667 12.4774
187.344 13.4486
