NaN NaN
NaN NaN
NaN NaN
NaN NaN
NaN NaN
NaN NaN
NaN NaN
NaN NaN
NaN NaN
NaN NaN
511.637 60.7648
543.497 42.9014
620.345 40.6045
684.219 37.2857
738.302 34.1256
728.44 31.4786
783.598 30.6287
821.002 29.9392
854.699 29.5226
977.892 24.0793
956.99 19.4652
923.112 16.408
881.617 14.6804
842.584 13.1166
804.655 11.7935
771.195 10.8104
738.74 9.75886
711.231 9.13147
517.453 5.36834
411.996 3.8156
345.711 2.95169
299.684 2.39941
265.591 2.01346
239.156 1.73335
218.058 1.49848
200.777 1.36228
186.316 1.22057
112.041 0.613303
81.9806 0.399617
65.5845 0.295295
55.2854 0.228523
36.0625 0.145998
28.8127 0.113148
24.7016 0.0997154
21.8739 0.0788431
19.7918 0.0705078
11.343 0.0605644
8.77907 0.0988321
7.75874 0.168347
6.6089 0.136037
7.24754 0.304725
6.98444 0.34076
6.96299 0.389489
7.34366 0.482699
7.82594 0.563881
10.6387 1.15965
9.34108 1.282
15.2121 2.12636
12.4536 2.06926
15.4626 2.62595
21.5882 3.51296
22.4878 3.84995
26.7522 4.51273
26.249 4.70503
60.3767 10.5911
67.4137 13.7588
80.7307 17.4469
84.6727 20.0162
142.827 28.7885
158.918 32.8613
189.525 38.3682
266.135 48.4785
164.4 40.0073
