NaN NaN
NaN NaN
NaN NaN
NaN NaN
NaN NaN
NaN NaN
NaN NaN
NaN NaN
NaN NaN
NaN NaN
299.308 38.4296
277.781 22.9441
253.72 17.0325
223.659 12.3535
234.17 10.8515
257.143 11.064
278.034 10.8124
297.166 10.7627
314.74 10.8129
385.527 9.57954
452.481 9.27736
486.961 8.71443
499.329 8.35495
498.511 7.79673
500.329 7.36422
496.525 6.98151
492.241 6.52276
484.773 6.24731
408.372 4.24481
347.378 3.22049
302.858 2.58767
269.259 2.15728
243.008 1.84561
221.715 1.609
204.214 1.40568
189.572 1.28702
177.014 1.16183
109.438 0.600352
62.2269 0.307292
42.3268 0.198108
33.9746 0.14716
28.7951 0.132933
25.1414 0.127119
22.4566 0.106966
20.5629 0.120838
18.7498 0.097427
11.065 0.0422299
8.57378 0.148691
7.60663 0.274963
7.77259 0.512716
6.91943 0.500778
8.95442 0.921349
8.01367 0.901349
7.60296 0.915501
10.7338 1.43617
12.0743 2.33385
9.96945 2.46939
9.25108 2.68143
12.2593 3.74276
19.9993 5.68092
20.1814 6.19751
27.9746 8.02804
22.318 7.37226
40.87 11.091
37.7301 14.9218
74.7176 26.4811
57.6513 26.685
137.879 47.1723
84.3882 40.0248
214.808 70.0506
191.219 70.5553
335.138 99.5079
170.895 74.5504
