NaN NaN
NaN NaN
NaN NaN
NaN NaN
NaN NaN
NaN NaN
NaN NaN
NaN NaN
NaN NaN
NaN NaN
299.308 38.4296
278.027 22.8848
253.815 16.9593
223.317 12.295
234.17 10.8238
257.143 11.014
278.034 10.7811
297.166 10.7533
314.74 10.7954
385.555 9.57005
452.377 9.26059
486.915 8.69901
499.372 8.34884
498.502 7.78405
500.29 7.35189
496.517 6.97583
492.244 6.51496
484.761 6.2346
408.368 4.24011
347.38 3.21821
302.858 2.58635
269.259 2.1561
243.008 1.84242
221.716 1.60711
204.214 1.40341
189.574 1.2865
177.009 1.15965
109.436 0.599661
80.8295 0.394494
64.9972 0.293504
54.8834 0.227382
36.01 0.147392
28.8999 0.117227
24.7782 0.104698
22.0862 0.0906937
19.9167 0.0816614
11.3451 0.0667742
8.88848 0.120689
7.9519 0.191113
7.34686 0.239009
6.73462 0.251567
7.7779 0.414301
7.65724 0.45945
7.83944 0.524018
9.08422 0.671838
11.2785 1.21156
11.1475 1.48009
9.56471 1.50398
13.4686 2.18771
16.0545 2.69403
21.5804 3.51301
22.4798 3.84997
26.7439 4.51274
26.241 4.70504
64.3771 10.9617
70.4143 14.0825
84.7279 17.899
84.6631 20.0159
142.816 28.788
165.932 33.6
189.512 38.3674
248.09 46.7805
154.378 38.7381
