NaN NaN
NaN NaN
NaN NaN
NaN NaN
NaN NaN
NaN NaN
NaN NaN
NaN NaN
NaN NaN
NaN NaN
295.674 36.0051
276.494 21.6157
253.992 16.2571
222.999 11.7784
234.17 10.5176
257.143 10.6683
278.034 10.5188
297.166 10.4333
314.74 10.5012
385.237 9.32923
452.159 9.03284
486.8 8.51933
499.471 8.20863
498.367 7.6151
500.343 7.22038
496.479 6.86076
492.236 6.39953
484.678 6.12259
408.348 4.16475
347.37 3.16995
302.861 2.55271
269.257 2.12207
243.004 1.81741
221.714 1.58024
204.213 1.38339
189.571 1.27132
177.016 1.14946
109.437 0.592722
80.8313 0.390369
64.998 0.289631
54.8875 0.224441
47.7494 0.189365
42.4238 0.163496
38.2988 0.150374
35.0316 0.1212
32.293 0.110698
17.2506 0.0550098
9.79506 0.0383645
8.1314 0.0494395
7.46768 0.0676696
7.21614 0.0863375
7.4148 0.112603
7.77897 0.140721
8.02883 0.162909
8.24832 0.182843
10.2976 0.348958
12.1733 0.492691
12.7087 0.588319
15.1762 0.744452
17.6603 0.899835
22.498 1.12913
22.5686 1.20928
25.678 1.38339
27.47 1.51981
51.492 3.04991
64.2353 4.21089
81.4068 5.51302
102.604 6.95753
123.103 8.38134
130.247 9.32613
168.808 11.387
179.666 12.4778
183.296 13.3012
