NaN NaN
NaN NaN
NaN NaN
NaN NaN
NaN NaN
NaN NaN
NaN NaN
NaN NaN
NaN NaN
NaN NaN
299.308 38.4296
277.781 22.9441
253.72 17.0325
223.621 12.362
234.17 10.8515
257.143 11.0703
278.034 10.8176
297.166 10.7627
314.74 10.8129
385.505 9.58153
452.432 9.28267
486.948 8.71605
499.349 8.35699
498.494 7.79961
500.315 7.36696
496.525 6.98151
492.23 6.52785
484.768 6.24851
408.372 4.24575
347.379 3.22127
302.857 2.58898
269.259 2.15728
243.008 1.84614
221.713 1.61002
204.214 1.40568
189.574 1.28777
177.017 1.16224
74.4931 0.413495
49.1405 0.251303
38.5452 0.192409
31.858 0.138145
27.4201 0.136165
24.2658 0.14501
21.8958 0.0961402
20.1688 0.203316
18.4437 0.128793
11.0042 0.0558615
8.9696 0.43965
7.44415 0.414103
7.24154 0.727181
6.92744 0.868874
8.27725 1.42994
7.4665 1.41395
7.5987 1.58739
9.70806 2.27312
11.9541 4.04518
9.97082 4.27835
7.79795 4.02269
18.9995 8.69702
21.9471 10.4361
17.9527 9.93932
27.8307 13.9045
22.0798 12.7676
54.4393 22.4309
4.36092 0.309099
65.1419 42.4709
4.08341 0.134037
54.6288 50.0381
64.3602 60.0441
144.238 99.0715
164.128 113.142
94.7624 90.0197
104.349 100.029
