NaN NaN
NaN NaN
NaN NaN
NaN NaN
NaN NaN
NaN NaN
NaN NaN
NaN NaN
NaN NaN
NaN NaN
299.308 38.4296
277.524 22.9615
253.665 17.0704
223.621 12.362
234.17 10.8585
257.143 11.0766
278.034 10.8281
297.166 10.7627
314.74 10.8129
385.505 9.58153
452.432 9.28267
486.961 8.7181
499.349 8.35699
498.469 7.80392
500.309 7.36833
496.525 6.98151
492.225 6.52909
484.763 6.24971
408.369 4.24758
347.378 3.22126
257.207 2.20491
201.991 1.62679
171.172 1.31087
149.772 1.1052
133.588 0.937772
121.509 0.838155
111.496 0.745439
64.2608 0.376499
46.0753 0.420241
37.7834 0.486495
30.8247 0.178615
27.0532 0.169509
23.8933 0.158368
21.8092 0.16029
19.5568 0.139726
18.3722 0.150863
11.277 0.164396
8.5613 0.161067
7.35022 0.200834
11.3887 5.13668
5.64382 0.146732
19.8103 10.1103
13.1647 8.16351
4.79416 0.155697
14.6378 10.1666
23.873 20.2263
34.1768 30.2469
3.65376 0.184429
3.81201 0.225482
3.47881 0.14902
3.62543 0.177513
3.67644 0.248972
3.7161 0.284849
4.99711 1.24004
6.07397 2.18298
4.01898 0.216182
3.81031 0.355209
504.397 500.36
4.10522 0.35206
5.56383 1.61237
5.03709 1.27695
11.7165 7.06727
3.9514 0.230588
