NaN NaN
NaN NaN
NaN NaN
NaN NaN
NaN NaN
NaN NaN
NaN NaN
NaN NaN
NaN NaN
NaN NaN
299.308 38.4296
277.524 22.9615
253.665 17.0704
223.621 12.362
234.17 10.8585
257.143 11.0766
278.034 10.8281
297.166 10.7627
314.74 10.8129
385.505 9.58153
452.432 9.28267
486.942 8.71781
499.666 8.36434
565.392 8.82687
598.105 8.80244
555.85 7.82151
516.784 6.87985
482.884 6.25008
318.058 3.35088
246.651 2.34433
204.656 1.92
176.772 1.49016
154.027 1.25265
138.262 1.09696
126.071 0.97401
114.543 0.889162
107.487 0.829912
63.9652 0.54836
46.2309 0.478829
38.1459 0.46754
30.7805 0.409783
26.961 0.440314
23.9058 0.434773
21.5272 0.409325
19.8426 0.420215
17.7878 0.431937
12.4247 0.66467
8.33857 0.48316
6.64058 0.379247
6.88512 0.703368
5.40871 0.613999
76.2673 71.4727
87.1445 81.6295
5.59866 0.661588
3.87917 0.121056
3.06845 0.0923629
305.718 302.444
3.61801 0.341396
3.50627 0.524194
4.20539 1.02399
3.53321 0.274671
3.07245 0.118099
3.08276 0.145716
2.94536 0.0881658
3.5663 0.451445
5.01947 1.05012
3.57102 0.263504
6.28342 3.05865
4.25958 0.589439
3.33947 0.188726
3.78998 0.226125
3.61184 0.299259
3.23453 0.175556
