NaN NaN
NaN NaN
NaN NaN
NaN NaN
NaN NaN
NaN NaN
NaN NaN
NaN NaN
NaN NaN
NaN NaN
374.536 1.98508
362.048 1.25276
337.669 0.803995
296.498 0.497832
299.485 6.68863e-07
323.493 4.80592e-07
345.836 4.8821e-07
366.819 5.89531e-07
386.674 8.60729e-07
501.669 0.759388
611.489 0.813093
694.306 0.825986
749.899 0.789016
803.211 0.774868
844.216 0.75756
877.439 0.746488
906.096 0.713333
926.024 0.688097
964.369 0.447248
910.054 0.299506
848.252 0.220334
792.209 0.166807
743.804 0.1313
702.02 0.105939
664.768 0.0896495
631.543 0.0745702
601.328 0.0635054
414.114 0.0227648
322.79 0.0337176
196.657 0.0722403
153.926 0.0452353
129.227 0.0642268
112.507 0.0428249
100.376 0.0450602
90.8555 0.0916928
83.1508 0.0431698
47.6596 0.393095
35.1227 0.515192
29.2286 0.889198
24.9485 0.996228
21.1621 0.846694
20.5345 1.39705
16.9415 0.799508
16.5311 1.27137
15.5493 1.41286
10.3842 1.99973
21.7407 6.70768
17.7286 6.92731
20.2751 8.65923
28.8144 11.9979
18.7264 9.89907
20.3736 11.3139
4.25536 0.0607374
24.1205 14.1406
23.9428 19.9996
34.1124 30.0004
44.1807 39.9988
153.92 86.5998
124.236 84.8559
424.174 171.493
4.7227 0.401936
94.0975 90.0033
303.977 173.187
