NaN NaN
NaN NaN
NaN NaN
NaN NaN
NaN NaN
NaN NaN
NaN NaN
NaN NaN
NaN NaN
NaN NaN
351.145 1.94673
345.254 1.35134
328.334 0.901538
290.58 0.564324
299.488 6.08019e-07
323.497 4.25518e-07
345.862 5.98519e-07
366.881 5.29159e-07
386.738 9.5696e-07
495.143 0.80555
608.929 0.844379
689.961 0.857687
746.703 0.827375
796.761 0.814206
840.718 0.79143
875.169 0.767665
903.028 0.741013
923.495 0.708393
962.4 0.462743
908.619 0.309327
846.802 0.227898
791.603 0.172146
743.375 0.13547
702.303 0.0878374
607.78 0.137937
533.818 0.133711
483.628 0.135342
273.133 0.136681
201.657 0.134729
162.625 0.159527
136.656 0.134391
120.05 0.840777
105.906 0.123938
95.7303 0.799999
88.4659 0.903888
80.4831 0.124268
46.5085 0.12387
40.2516 4.23938
27.2777 0.129106
28.287 5.00069
20.0016 0.129407
17.9801 0.148649
16.2167 0.133423
14.7251 0.137438
33.5845 14.1412
8.16851 0.120682
66.6276 42.4243
5.52166 0.135339
55.2346 49.9989
4.73865 0.207803
4.70506 0.182471
84.3948 79.9972
4.37017 0.16124
3.83952 0.168545
3.61305 0.126494
3.91458 0.296502
3.63813 0.220178
3.94314 0.384981
4.65616 0.850194
704.575 700.003
3.50078 0.144904
3.50024 0.105997
3.74912 0.210244
