NaN NaN
NaN NaN
NaN NaN
NaN NaN
NaN NaN
NaN NaN
NaN NaN
NaN NaN
NaN NaN
NaN NaN
374.536 1.98508
362.048 1.25276
337.669 0.803995
296.498 0.497832
299.485 6.67049e-07
323.493 3.79003e-07
345.836 4.52131e-07
366.819 5.85406e-07
386.674 8.58798e-07
501.669 0.759388
611.489 0.813093
694.306 0.825986
749.899 0.789016
803.211 0.774868
844.216 0.75756
877.439 0.746488
906.096 0.713333
926.024 0.688097
964.369 0.447248
910.054 0.299506
848.252 0.220334
792.209 0.166807
743.804 0.1313
702.832 0.0868457
608.763 0.138938
534.144 0.134069
483.064 0.134304
272.964 0.238601
201.594 0.152032
162.464 0.14151
137.549 0.136003
119.665 0.125622
106.203 0.125393
95.8996 0.124111
87.327 0.123309
80.4714 0.123997
46.5802 0.123472
36.9655 2.99916
31.2433 3.99922
23.1594 0.128411
20.0075 0.129637
17.7903 0.131894
16.2513 0.133932
14.7244 0.134198
13.4521 0.130093
28.1248 19.999
66.8524 42.4244
5.45737 0.108117
55.5841 49.9991
4.63578 0.138325
4.61998 0.190014
84.2114 79.9972
4.19298 0.16665
4.08743 0.262757
4.45276 0.498419
3.99544 0.301727
3.99058 0.29612
3.5886 0.156826
4.24636 0.533393
704.189 700.003
3.44961 0.111835
3.65898 0.130232
3.69252 0.157918
