NaN NaN
NaN NaN
NaN NaN
NaN NaN
NaN NaN
NaN NaN
NaN NaN
NaN NaN
NaN NaN
NaN NaN
351.145 1.94673
345.254 1.35134
328.334 0.901538
290.58 0.564324
299.488 5.9407e-07
323.497 4.29677e-07
345.862 5.98227e-07
366.881 5.34905e-07
386.738 9.70799e-07
495.143 0.80555
608.929 0.844379
689.961 0.857687
746.703 0.827375
796.761 0.814206
840.718 0.79143
875.169 0.767665
903.028 0.741013
923.495 0.708393
962.4 0.462743
908.619 0.309327
846.802 0.227898
791.603 0.172146
743.375 0.13547
701.324 0.109913
664.193 0.0924983
631.235 0.0762293
601.548 0.0650034
414.135 0.0214667
322.483 0.0116058
267.342 0.0203229
229.624 0.0297051
201.897 0.0403703
138.217 0.0644002
115.332 0.0798826
100.877 0.102008
90.4589 0.105716
48.3957 0.177288
36.0547 0.375049
28.9359 0.452979
25.2132 0.615464
20.9265 0.443336
18.9414 0.518287
16.8849 0.45991
15.8832 0.59752
18.933 1.32839
13.0663 1.76151
15.6417 2.99853
9.76269 2.30883
15.2101 4.08172
24.7928 6.32264
13.9172 4.66602
25.7734 7.54074
25.3378 7.93575
30.8383 9.42543
30.6213 13.3331
63.964 24.4934
110.665 37.7046
120.823 44.0965
164.274 56.5708
331.116 87.3091
110.801 53.3289
124.256 59.9987
304.382 99.9888
