NaN NaN
NaN NaN
NaN NaN
NaN NaN
NaN NaN
NaN NaN
NaN NaN
NaN NaN
NaN NaN
NaN NaN
374.536 1.98508
362.048 1.25276
337.669 0.803995
296.498 0.497832
299.485 6.58834e-07
323.493 3.61246e-07
345.836 5.26092e-07
366.819 5.80569e-07
386.674 8.65537e-07
900.043 2.99923
1088.98 2.55358
1190.24 3.67747
1256.32 2.25986
1281.44 2.0918
1276.47 1.44318
1257.62 1.75755
1232.18 2.11767
1198.3 1.37493
915.206 1.39218
765.194 1.34214
671.518 1.5967
600.51 1.52215
547.109 1.45465
506.792 1.42782
470.963 1.38701
435.386 1.33988
409.351 1.35914
263.209 1.29909
199.605 1.27229
160.651 1.21158
134.359 1.1848
118.809 1.21989
105.043 1.1562
97.6024 1.2801
87.3319 1.23863
80.8281 1.19701
46.7311 1.21012
34.251 1.46833
25.1418 0.761929
23.3709 1.3008
17.688 0.627397
16.867 0.832862
15.7884 0.934297
14.0893 0.957787
15.1448 1.70099
7.75598 0.568992
6.17623 0.764727
5.82429 0.658734
4.95046 0.492571
5.08091 0.550058
4.24657 0.414984
3.73894 0.228418
3.70285 0.28681
3.1989 0.210118
2.91517 0.227281
3.57145 1.01727
3.07767 0.470206
3.83745 0.498439
3.08536 0.251152
2.79618 0.171064
3.07485 0.258998
3.38566 0.310462
6.30219 2.56644
