NaN NaN
NaN NaN
NaN NaN
NaN NaN
NaN NaN
NaN NaN
NaN NaN
NaN NaN
NaN NaN
NaN NaN
351.145 1.94673
345.254 1.35134
328.334 0.901538
290.58 0.564324
299.488 6.09014e-07
323.497 4.18915e-07
345.862 6.05413e-07
366.881 5.22039e-07
386.738 9.60754e-07
495.143 0.80555
608.929 0.844379
689.961 0.857687
746.703 0.827375
796.761 0.814206
840.718 0.79143
875.169 0.767665
903.028 0.741013
923.495 0.708393
962.4 0.462743
908.619 0.309327
846.802 0.227898
791.603 0.172146
743.375 0.13547
701.324 0.109913
664.193 0.0924983
631.235 0.0762293
601.548 0.0650034
414.135 0.0214667
322.483 0.0116058
267.342 0.0203229
229.624 0.0297051
202.284 0.0362744
181.347 0.0460565
164.839 0.0583109
151.293 0.0551627
140.046 0.0502278
52.8031 0.111631
37.0916 0.184012
29.4564 0.223898
25.0654 0.290604
21.3344 0.259697
19.0026 0.273204
18.2217 0.407411
16.6911 0.433919
16.2434 0.503422
12.2383 0.868371
13.8698 1.46684
10.9567 1.44023
16.2235 2.34299
19.8321 2.99788
18.5985 3.12827
24.4435 3.99774
24.1394 4.2193
30.2032 5.09733
41.9155 8.71607
75.975 14.695
88.0055 18.3299
184.47 29.9973
112.25 25.4576
221.456 38.9826
172.354 36.6498
202.62 42.2031
194.505 43.5955
