NaN NaN
NaN NaN
NaN NaN
NaN NaN
NaN NaN
NaN NaN
NaN NaN
NaN NaN
NaN NaN
NaN NaN
351.145 1.94673
345.254 1.35134
328.334 0.901538
290.58 0.564324
299.488 6.00005e-07
323.497 4.27183e-07
345.862 5.95905e-07
366.881 5.40054e-07
386.738 9.6579e-07
495.143 0.80555
608.929 0.844379
689.961 0.857687
746.703 0.827375
796.761 0.814206
840.718 0.79143
875.169 0.767665
903.028 0.741013
923.495 0.708393
962.4 0.462743
908.619 0.309327
846.802 0.227898
791.603 0.172146
743.375 0.13547
701.324 0.109913
664.193 0.0924983
631.235 0.0762293
601.548 0.0650034
414.135 0.0214667
322.483 0.0116058
267.342 0.0203229
229.624 0.0297051
202.284 0.0362744
181.347 0.0460565
164.839 0.0583109
151.293 0.0551627
140.046 0.0502278
83.0647 0.0511819
61.027 0.0537799
49.0994 0.0489433
31.9543 0.0529597
25.0926 0.0679192
21.5034 0.0826131
19.3406 0.101689
17.7411 0.117307
16.235 0.123265
12.3944 0.267034
12.3495 0.404648
13.2607 0.539087
16.1662 0.730389
18.3853 0.891018
21.7666 1.08398
24.1342 1.24261
26.5523 1.40137
27.0156 1.4977
56.9304 3.23037
83.1631 4.83867
98.5914 6.11174
118.415 7.51925
160.888 9.63421
177.838 10.9609
166.659 11.3391
187.917 12.7865
225.518 14.7835
