NaN NaN
NaN NaN
NaN NaN
NaN NaN
NaN NaN
NaN NaN
NaN NaN
NaN NaN
NaN NaN
NaN NaN
351.145 1.94673
345.254 1.35134
328.334 0.901538
290.58 0.564324
299.488 6.05023e-07
323.497 4.27244e-07
345.862 5.91233e-07
366.881 5.24357e-07
386.738 9.70867e-07
495.143 0.80555
608.929 0.844379
689.961 0.857687
746.703 0.827375
796.761 0.814206
840.718 0.79143
875.37 0.782851
916.977 0.68627
971.342 0.250003
1023.58 0.47775
810.442 0.694728
693.697 0.428255
616.67 0.424893
561.054 0.429167
514.997 0.428432
477.201 0.431197
443.751 0.423206
415.78 0.428256
261.424 0.430873
197.176 0.415039
160.873 0.488744
135.493 0.397168
118.806 0.396445
105.518 0.388251
96.1242 0.404249
86.7148 0.381132
80.4065 0.395256
46.7717 0.392093
34.2787 0.398742
27.9183 0.452681
24.0885 1.33767
19.5657 0.362198
18.0296 0.603146
15.5278 0.357821
15.3005 0.45771
113.673 99.9948
8.30373 0.280303
6.54907 0.351023
5.33957 0.205394
4.98336 0.314462
5.81933 1.39954
5.10179 0.849606
4.03958 0.40475
3.57835 0.134867
3.3714 0.0907106
3.84233 0.597524
3.34724 0.202788
3.045 0.116605
3.62923 0.36101
3.59517 0.302414
3.26577 0.280655
3.41662 0.39607
3.76025 0.407157
4.07886 0.677897
