NaN NaN
NaN NaN
NaN NaN
NaN NaN
NaN NaN
NaN NaN
NaN NaN
NaN NaN
NaN NaN
NaN NaN
351.145 1.94673
345.254 1.35134
328.334 0.901538
290.58 0.564324
299.488 6.04739e-07
323.497 4.27244e-07
345.862 6.0025e-07
366.881 5.30352e-07
386.738 9.62016e-07
889.456 2.93643
1078.65 2.67541
1192.07 2.89414
1254.28 2.04271
1274.04 1.6905
1273.65 1.67202
1258.09 1.36709
1229 1.33693
1197.98 1.96033
912.555 1.35839
764.507 1.35219
666.117 1.577
595.763 1.50455
547.581 1.45465
505.318 1.42519
470.715 1.39192
436.419 1.34232
407.297 1.33629
262.146 1.27917
196.734 1.21224
163.978 2.44466
135.739 1.191
119.757 1.24043
105.376 1.17544
94.4091 1.17159
87.2211 1.17526
77.9256 0.99173
46.8201 1.34872
33.3757 0.925362
29.8586 1.82793
22.1465 0.913522
18.8097 0.955502
19.0634 1.78505
20.495 2.64544
14.2723 1.26645
12.2583 0.677934
6.56017 0.241261
7.42348 1.13645
6.35671 1.6834
5.04761 0.935899
6.69424 3.06487
4.19097 0.338728
4.29845 0.536924
3.69498 0.326827
3.88404 0.424544
3.00782 0.20067
3.50121 0.966858
2.89867 0.230621
3.65825 0.824024
3.22066 0.288294
2.6134 0.152601
3.99518 0.849263
2.9534 0.254745
2.73353 0.184718
