NaN NaN
NaN NaN
NaN NaN
NaN NaN
NaN NaN
NaN NaN
NaN NaN
NaN NaN
NaN NaN
NaN NaN
351.145 1.94673
345.254 1.35134
328.334 0.901538
290.58 0.564324
299.488 6.05023e-07
323.497 4.27183e-07
345.862 6.0054e-07
366.881 5.34905e-07
386.738 9.59024e-07
495.143 0.80555
608.929 0.844379
689.961 0.857687
746.703 0.827375
796.761 0.814206
840.718 0.79143
875.169 0.767665
903.028 0.741013
923.495 0.708393
962.4 0.462743
908.619 0.309327
846.802 0.227898
791.603 0.172146
743.375 0.13547
701.324 0.109913
664.193 0.0924983
631.235 0.0762293
601.548 0.0650034
414.135 0.0214667
322.483 0.0116058
196.595 0.0608761
153.83 0.056313
129.242 0.0982667
112.95 0.165526
100.784 0.178074
91.0617 0.194503
83.2354 0.171037
47.4097 0.279669
37.1402 0.93885
28.4553 0.689173
25.094 0.99661
20.5578 0.599469
19.1661 0.988292
16.8747 0.799488
15.5503 0.899474
22.539 2.9968
8.37615 0.0429436
21.6398 6.70767
17.7411 6.92732
20.2011 8.6592
28.7591 11.9979
18.6215 9.89903
20.3821 11.3139
4.35598 0.066813
24.1491 14.1406
23.8411 19.9996
33.9427 30.0002
43.9007 39.9986
154.006 86.5998
124.092 84.8558
424.632 171.493
4.24195 0.288427
93.8864 90.0033
303.942 173.187
