NaN NaN
NaN NaN
NaN NaN
NaN NaN
NaN NaN
NaN NaN
NaN NaN
NaN NaN
NaN NaN
NaN NaN
374.536 1.98508
362.048 1.25276
337.669 0.803995
296.498 0.497832
299.485 6.69632e-07
323.493 5.07232e-07
345.836 4.76005e-07
366.819 6.02965e-07
386.674 8.72147e-07
501.669 0.759388
611.489 0.813093
694.306 0.825986
749.888 0.789077
803.211 0.774868
844.216 0.75756
877.807 0.755935
920.568 0.645541
972.606 0.236886
1025.49 0.538518
811.276 0.516058
696.288 0.433278
617.45 0.430013
561.271 0.429397
517.066 0.44305
477.338 0.433311
442.534 0.424113
413.427 0.424878
261.98 0.433259
197.268 0.41669
160.843 0.403964
135.49 0.399052
119.084 0.399635
105.257 0.389169
96.0415 0.395359
87.1082 0.383822
80.8047 0.395553
46.5081 0.392258
34.1941 0.406686
27.5018 0.448574
23.0078 0.415686
20.0474 0.416951
18.203 0.451374
15.8851 0.409196
14.9064 0.427179
13.2589 0.355778
9.20555 0.684018
6.673 0.495574
5.47207 0.447774
5.50288 0.736828
4.81942 0.465081
4.10179 0.295033
3.95665 0.194034
4.08607 0.313337
3.78462 0.275695
4.95182 1.03979
3.29759 0.194919
4.3156 1.0917
3.2075 0.221647
3.65685 0.332467
5.32424 2.02315
3.45408 0.26752
3.48273 0.298723
3.21039 0.193819
