NaN NaN
NaN NaN
NaN NaN
NaN NaN
NaN NaN
NaN NaN
NaN NaN
NaN NaN
NaN NaN
NaN NaN
173.017 1.04253
187.373 1.01163
198.887 0.96177
208.556 0.932486
218.423 0.903539
220.727 0.815449
224.405 0.779035
231.296 0.747828
239.815 0.730287
317.489 0.688298
387.143 8.42909e-07
446.406 9.71196e-07
497.288 1.3535e-06
542.098 1.07661e-06
582.31 8.12649e-07
618.802 1.44702e-06
652.066 1.46843e-06
682.573 1.51998e-06
885.576 1.91517e-06
976.092 1.06307e-06
1008.1 1.93758e-06
1010.11 1.03677e-06
997.34 9.41155e-07
977.642 1.90783e-06
955.01 1.73711e-06
931.522 1.61338e-06
949.229 0.14056
559.33 0.136173
428.616 0.38807
349.105 0.535043
300.193 0.134462
263.948 0.135247
234.793 0.13541
215.577 0.790047
199.645 1.25202
182.457 0.132521
109.505 0.134084
80.5232 0.123049
68.1159 3.99552
68.8891 8.65215
52.4644 5.99655
55.2626 9.89525
45.571 7.99782
43.0142 8.99717
41.291 9.99759
58.1671 28.283
43.7164 30.0003
50.9751 39.9998
9.50606 0.152539
8.27527 0.130542
7.75392 0.157128
7.03589 0.139548
6.75888 0.146529
6.01848 0.134894
5.34286 0.3465
4.29789 0.234414
3.98594 0.190461
504.526 500.018
603.886 599.989
4.05435 0.440206
3.58599 0.14869
5.47169 1.35283
4.81715 0.954615
