NaN NaN
NaN NaN
NaN NaN
NaN NaN
NaN NaN
NaN NaN
NaN NaN
NaN NaN
NaN NaN
NaN NaN
173.017 1.04253
187.373 1.01163
198.887 0.96177
208.556 0.932486
218.423 0.903539
220.727 0.815449
224.405 0.779035
231.296 0.747828
239.815 0.730287
317.489 0.688298
387.143 8.74794e-07
446.406 9.92181e-07
497.288 1.3522e-06
542.098 1.07315e-06
582.31 7.98011e-07
618.802 1.46864e-06
652.066 1.46834e-06
682.573 1.5178e-06
885.576 1.88868e-06
976.092 8.01355e-07
1008.1 1.95332e-06
1010.11 1.03677e-06
997.34 8.51017e-07
977.642 2.01119e-06
955.01 1.83348e-06
931.522 1.64539e-06
908.14 1.22893e-07
722.539 5.16023e-07
605.531 0.0726217
522.46 0.0712601
461.561 0.0211181
415.108 0.0548635
378.189 0.0677654
347.894 0.0682512
323.047 0.09403
301.555 0.0584917
164.348 0.0781399
92.7785 0.169712
71.4536 0.281955
59.8648 0.391827
51.5119 0.435215
47.098 0.562731
42.6992 0.600527
40.2025 0.692638
37.5845 0.750872
29.3791 1.4698
25.267 1.86493
24.2616 2.29109
30.4928 3.23279
29.4491 3.54443
35.0278 4.36711
35.9566 4.79624
35.4686 5.08826
42.2973 5.99615
100.876 13.8537
130.44 19.4393
204.469 28.2726
189.28 30.4119
322.718 43.6691
361.795 49.9902
348.689 52.4575
437.159 62.3851
414.701 64.0149
