NaN NaN
NaN NaN
NaN NaN
NaN NaN
NaN NaN
NaN NaN
NaN NaN
NaN NaN
NaN NaN
NaN NaN
173.017 1.04253
187.373 1.01163
198.887 0.96177
208.556 0.932486
218.423 0.903539
220.727 0.815449
224.405 0.779035
231.296 0.747828
239.815 0.730287
317.489 0.688298
387.143 8.71074e-07
446.406 9.44159e-07
497.288 1.31931e-06
551.834 0.314036
651.132 0.358399
740.034 0.43028
815.148 0.509515
883.202 0.558533
1238.55 0.624185
1236.06 0.73144
1125.45 0.6167
1019.32 0.465563
936.164 0.427776
870.639 0.447136
817.077 0.42509
773.968 0.42333
736.462 0.428694
519.714 0.430714
410.084 0.425843
344.251 3.98907
293.872 0.436609
259.823 0.423406
233.826 0.423906
213.785 0.416392
196.31 0.413396
181.969 0.413393
109.453 0.430495
80.1655 0.380743
64.3773 0.392097
104.195 49.9952
46.4269 0.380834
111.073 69.9989
117.754 80.0008
33.406 0.372348
31.2923 0.39551
17.6243 0.336061
313.938 300
10.9636 0.474815
9.29514 0.362313
7.90347 0.295195
7.71436 0.453322
7.34819 0.608348
6.42911 0.2857
5.44547 0.14537
6.17241 1.46411
4.18581 0.438793
3.96899 0.699943
3.66947 0.371034
3.74597 0.316002
3.06591 0.119398
3.29226 0.193812
3.35847 0.308153
3.60791 0.498309
