NaN NaN
NaN NaN
NaN NaN
NaN NaN
NaN NaN
NaN NaN
NaN NaN
NaN NaN
NaN NaN
NaN NaN
173.017 1.04253
187.373 1.01163
198.887 0.96177
208.556 0.932486
218.423 0.903539
220.727 0.815449
224.405 0.779035
231.296 0.747828
239.815 0.730287
317.489 0.688298
387.143 7.98104e-07
446.406 9.46499e-07
497.288 1.3113e-06
542.098 1.02784e-06
582.31 8.12549e-07
618.802 1.39459e-06
652.066 1.48369e-06
682.573 1.3565e-06
885.576 1.97767e-06
976.092 7.15731e-07
1008.1 1.97469e-06
1010.11 1.04233e-06
997.34 8.32897e-07
977.642 2.04183e-06
955.01 1.83034e-06
931.522 1.69327e-06
908.14 1.22893e-07
722.539 5.21854e-07
605.531 0.0726217
522.46 0.0712601
461.561 0.0211181
415.108 0.0548635
378.189 0.0677654
347.894 0.0682512
323.047 0.09403
260.379 0.0707845
118.103 0.200484
84.4048 0.368119
68.6489 0.647175
57.6043 0.757143
49.6929 0.731225
47.0004 1.16954
42.6769 1.17618
39.3655 1.25855
39.3296 1.61799
30.3685 2.82092
21.5714 2.82487
24.4326 4.21305
24.4743 4.99689
38.4333 7.74201
38.0342 8.40971
39.1211 9.23565
36.655 9.48416
46.2721 11.5471
98.0871 24.9369
114.27 33.1666
164.11 46.1778
187.407 55.2838
284.015 74.8154
377.538 93.3372
297.474 88.452
664.568 140.697
270.74 94.2875
