NaN NaN
NaN NaN
NaN NaN
NaN NaN
NaN NaN
NaN NaN
NaN NaN
NaN NaN
NaN NaN
NaN NaN
173.017 1.04253
187.373 1.01163
198.887 0.96177
208.556 0.932486
218.423 0.903539
220.727 0.815449
224.405 0.779035
231.296 0.747828
239.815 0.730287
317.489 0.688298
387.143 8.55443e-07
446.406 9.46499e-07
497.288 1.34307e-06
542.098 1.07198e-06
582.31 7.85591e-07
618.802 1.47153e-06
652.066 1.49343e-06
682.573 1.45429e-06
885.576 1.92917e-06
976.092 7.63058e-07
1008.1 1.96982e-06
1010.11 1.03677e-06
997.34 8.14374e-07
977.642 2.04617e-06
955.01 1.85265e-06
931.522 1.67882e-06
908.14 1.73796e-07
722.539 3.56494e-07
605.531 0.0726217
522.46 0.0712601
421.004 0.0513243
321.177 0.109322
271.805 0.12568
239.008 0.150095
215.439 0.253556
196.499 0.12351
111.888 0.27061
82.2843 0.585414
66.6666 0.964981
57.4956 1.56519
48.8243 1.19157
48.9417 2.30821
43.7514 2.2524
38.558 2.00542
39.3142 2.81972
30.3597 4.895
19.63 4.2412
31.0951 8.94192
24.4404 8.65862
38.4239 13.4142
35.7398 13.9978
55.0973 19.5916
33.6983 15.5868
76.2604 26.4542
44.757 28.2812
124.352 60.0011
84.0529 56.5641
254.04 111.8
63.8656 60.0023
423.883 171.454
324.016 159.999
724.312 254.528
203.864 141.418
