NaN NaN
NaN NaN
NaN NaN
NaN NaN
NaN NaN
NaN NaN
NaN NaN
NaN NaN
NaN NaN
NaN NaN
173.017 1.04253
187.373 1.01163
198.887 0.96177
208.556 0.932486
218.423 0.903539
220.727 0.815449
224.405 0.779035
231.296 0.747828
239.815 0.730287
317.489 0.688298
387.143 8.15232e-07
446.406 9.77824e-07
497.288 1.31665e-06
542.098 1.05956e-06
582.31 8.1307e-07
618.802 1.40502e-06
652.066 1.46315e-06
682.573 1.5178e-06
885.576 1.9035e-06
976.092 7.05885e-07
1008.1 1.92888e-06
1010.11 1.03118e-06
997.34 8.67209e-07
977.642 2.04617e-06
955.01 1.85496e-06
931.522 1.71213e-06
908.14 1.22893e-07
722.539 4.92008e-07
605.531 0.0726217
522.46 0.0712601
461.561 0.0211181
415.108 0.0548635
378.189 0.0677654
347.894 0.0682512
323.047 0.09403
301.555 0.0584917
187.944 0.0770462
140.516 0.0904433
114.041 0.105875
96.8168 0.109962
84.5206 0.108406
75.6614 0.113171
53.9242 0.110478
46.3648 0.140124
41.5481 0.162491
27.6783 0.382036
26.9004 0.599543
24.9452 0.721948
27.0727 0.917255
29.5123 1.10216
34.2945 1.34363
33.9951 1.44559
39.6658 1.69904
40.0463 1.81467
86.6929 4.00378
125.672 5.97143
164.332 7.92452
215.138 10.1614
251.305 12.0571
279.363 13.7488
339.623 16.2173
364.096 17.8351
392.272 19.5144
