ASTAR: Stopping Powers and Range Tables for Alpha Particles

SILICON

Kinetic   Total
Energy    Stp. Pow.
MeV       MeV cm2/g

2.000E-03 337.019 158.242   158.242
3.000E-03 378.243 187.545   187.497
4.000E-03 415.043 199.488   198.941
5.000E-03 448.815 222.623   218.578
6.000E-03 481.189 247.476   237.967
7.000E-03 511.933 271.882   253.477
8.000E-03 541.745 298.612   267.555
9.000E-03 570.626 333.339   284.383
1.000E-02 598.575 362.613   298.699
2.000E-02 850.116 718.213   394.516
3.000E-02 1066.49 936.297   393.412
4.000E-02 1259.57 1132.6    386.008
5.000E-02 1435.18 1311.7    411.951
6.000E-02 1595.89 1470.33   459.985
7.000E-02 1743.55 1615.28   654.632
8.000E-02 1879.8  1751.99   710.792
9.000E-02 2005.34 1885.18   764.152
1.000E-01 2121.1  1996.8    815.071
2.000E-01 2869.43 2799.03   1230.44
3.000E-01 3176.87 3146.56   1534.22
4.000E-01 3288.67 3277.88   1766.27
5.000E-01 3307.3  3309.7    1947.04
6.000E-01 3279.35 3291.13   2089.21
7.000E-01 3228.11 3245.77   2201.51
8.000E-01 3162.9  3177.27   2290.32
9.000E-01 3093.02 3108.21   2360.36
1.000E+00 3018.49 3028.91   2415.17
2.000E+00 2384.98 2388.74   2535.42
3.000E+00 1963.88 1964.97   2393.56
4.000E+00 1662.27 1660.58   2211.55
5.000E+00 1439.14 1443.93   2024.93
6.000E+00 1274.94 1272.59   1874.91
7.000E+00 1148.47 1146.02   1738.96
8.000E+00 1047.62 1051.18   1620.11
9.000E+00 964.94  964.621   1507.72
1.000E+01 895.999 896.413   1426.6
2.000E+01 541.745 547.829   615.863
3.000E+01 399.671 399.484   426.333
4.000E+01 320.948 318.928   335.571
5.000E+01 270.174 270.416   281.163
6.000E+01 234.539 235.771   238.103
7.000E+01 207.894 206.677   211.335
8.000E+01 187.258 189.704   190.233
9.000E+01 170.722 167.094   172.891
1.000E+02 157.143 154.189   173.063
2.000E+02 91.3467 86.4271   103.26
3.000E+02 66.9845 68.3898   87.9539
4.000E+02 54.1279 58.6047   66.1633
5.000E+02 46.1159 46.5083   76.1183
6.000E+02 40.6425 39.3753   64.586
7.000E+02 36.6831 35.8923   57.7995
8.000E+02 33.6553 30.9232   57.8152
9.000E+02 31.2796 29.2808   67.2464
1.000E+03 29.3698 27.3243   49.2039
