2.000E-02 23.547  40.4641     63.2154
3.000E-02 17.4379   23.907     38.5797
4.000E-02 14.1492   16.8152     28.6985
5.000E-02 12.0716   13.6465     23.3162
6.000E-02 10.6393   12.1596     19.8812
7.000E-02 9.58651   10.4917     17.2846
8.000E-02 8.77832   9.0849     15.5112
9.000E-02 8.14248   8.12904     14.0533
1.000E-01 7.62542   8.76995     13.0025
1.500E-01 6.03699   8.0492     12.0843
2.000E-01 5.2288  4.48083     7.08073
3.000E-01 4.43225   4.96741     5.01581
4.000E-01 4.05494   3.3186     4.21037
5.000E-01 3.84765   3.63079     3.89271
6.000E-01 3.72654   3.47007     3.79445
7.000E-01 3.65201   3.35597     3.6765
8.000E-01 3.60775   3.56466     3.607
9.000E-01 3.5798  3.12561     3.56401
1.000E+00 3.56583   3.33915     3.52115
2.000E+00 3.64968   2.85004     3.65087
3.000E+00 3.80572   2.71158     3.82505
4.000E+00 3.95712   9.19661     4.12014
5.000E+00 4.09453   5.87483     3.98548
6.000E+00 4.22263   2.66397     4.38323
7.000E+00 4.34374   4.14815     4.28109
8.000E+00 4.46253   3.31168     4.5061
9.000E+00 4.57665   3.81224     4.57842
1.000E+01 4.68845   2.73578     4.84443
2.000E+01 5.7575  2.82977     5.85958
3.000E+01 6.79394   2.98197     6.53451
4.000E+01 7.82573   2.80003     7.25951
5.000E+01 8.85518   3.26669     8.39208
6.000E+01 9.88464   3.33459     10.4345
7.000E+01 10.9141   16.4392     10.3141
8.000E+01 11.9459   14.3994     12.6136
9.000E+01 12.98  3.78083     8.73186
1.000E+02 14.0141   2.99714     15.6977
2.000E+02 24.4321   2.92692     17.3197
3.000E+02 34.8897   3.36447     23.3674
4.000E+02 45.4172   3.8195     35.1782
5.000E+02 55.9446   3.4994     43.8716
6.000E+02 66.4721   4.60994     79.3923
7.000E+02 77.0461   3.44619     62.9334
8.000E+02 87.5969   3.45199     92.0527
9.000E+02 98.1709   322.797     121.751
1.000E+03 108.745   2.86755     85.0973
