2.000E-03 368.694   374.536     374.536
3.000E-03 443.225   362.048     362.048
4.000E-03 506.343   337.669     337.669
5.000E-03 562.241   296.498     296.498
6.000E-03 613.248   299.485     299.485
7.000E-03 660.063   323.493     323.493
8.000E-03 703.849   345.836     345.836
9.000E-03 745.074   366.819     366.819
1.000E-02 783.97   386.674     386.674
2.000E-02 1026.66   900.043     501.669
3.000E-02 1167.1   1088.98     611.489
4.000E-02 1244.2   1190.24     694.306
5.000E-02 1277.5   1256.32     749.899
6.000E-02 1281.93   1281.44     803.211
7.000E-02 1267.49   1276.47     844.216
8.000E-02 1242.1   1257.62     877.439
9.000E-02 1210.66   1232.18     906.096
1.000E-01 1176.89   1198.3     926.024
2.000E-01 905.781   915.206     964.369
3.000E-01 759.98   765.194     910.054
4.000E-01 666.584   671.518     848.252
5.000E-01 598.342   600.51     792.209
6.000E-01 548.034   547.109     743.804
7.000E-01 506.343   506.792     702.02
8.000E-01 468.612   470.963     664.768
9.000E-01 436.005   435.386     631.543
1.000E+00 408.522   409.351     601.328
2.000E+00 260.392   263.209     414.114
3.000E+00 196.412   199.605     322.79
4.000E+00 159.775   160.651     196.657
5.000E+00 135.739   134.359     153.926
6.000E+00 118.574   118.809     129.227
7.000E+00 105.647   105.043     112.507
8.000E+00 95.5158   97.6024     100.376
9.000E+00 87.3407   87.3319     90.8555
1.000E+01 80.5631   80.8281     83.1508
2.000E+01 47.0475   46.7311     47.6596
3.000E+01 34.2143   34.251     35.1227
4.000E+01 27.3202   25.1418     29.2286
5.000E+01 22.9555   23.3709     24.9485
6.000E+01 19.9463   17.688     21.1621
7.000E+01 17.7337   16.867     20.5345
8.000E+01 16.0358   15.7884     16.9415
9.000E+01 14.6919   14.0893     16.5311
1.000E+02 13.5972   15.1448     15.5493
2.000E+02 8.44992   7.75598     10.3842
3.000E+02 6.64488   6.17623     21.7407
4.000E+02 5.73421   5.82429     17.7286
5.000E+02 5.19386   4.95046     20.2751
6.000E+02 4.84217   5.08091     28.8144
7.000E+02 4.59994   4.24657     18.7264
8.000E+02 4.42293   3.73894     20.3736
9.000E+02 4.29483   3.70285     4.25536
1.000E+03 4.19468   3.1989     24.1205
2.000E+03 3.88026   2.91517     23.9428
3.000E+03 3.88491   3.57145     34.1124
4.000E+03 3.94081   3.07767     44.1807
5.000E+03 4.00603   3.83745     153.92
6.000E+03 4.06658   3.08536     124.236
7.000E+03 4.12248   2.79618     424.174
8.000E+03 4.17372   3.07485     4.7227
9.000E+03 4.2203   3.38566     94.0975
1.000E+04 4.26223   6.30219     303.977
